http://lab.responsive.net/Littlefield/Plot?data=CASH&x=all

<!DOCTYPE HTML>
<html>
    <meta http-equiv='Content-Type' content='text/html; charset=utf-8' />
    <meta name='viewport' content='width=device-width, initial-scale=1.0'/>
    <title>Plot</title>
    <link rel='stylesheet' type='text/css' href='/css/plot.css'/>
    <script type='text/javascript' src='/js/lib/jquery-1.6.1.min.js'></script>
    <script type='text/javascript' src='/js/testMobile.js'></script>
    <script type='text/javascript' src='/js/plot.js'></script>
    <script type='text/javascript' src='/js/download.js'></script>
    <script type='text/javascript' src='/js/FileSaver.js'></script>
</head>
<body bgcolor=#FFFFFF>
   <div align='center' style='font-family: Arial, Helvetica,  sans-serif;color:navy; position: relative;'>
  <div class='top-controls'>
    <button class='download' title="download" onclick="download('Plot of cash on hand at the end of each day ($1000).xls');"></button>
    <button class='reload' title="reload"onclick='document.location.reload(true);'></button>
    <button class='close' title="close"onclick='window.close();'></button>
  </div>
  Plot of cash on hand at the end of each day ($1000)
<br/> <br/> <br/>
     <div id='content_1' class='content'>
     <script>
     var data = {
     region: {x1: 1.0, x2: 486.0, y1: 0.0, y2: 2030.1520646882623},
     lines:[
          {label: 'data', points: '1 5.25 2 15.753 3 22.508 4 33.765 5 42.025 6 51.788 7 61.553 8 69.82 9 8.077 10 20.831 11 25.337 12 33.594 13 41.854 14 52.366 15 60.631 16 68.148 17 1.163 18 9.414 19 19.918 20 28.174 21 34.932 22 43.942 23 52.955 24 61.97 25 70.987 26 5.505 27 22.009 28 37.016 29 44.527 30 49.039 31 57.303 32 68.57 33 75.339 34 86.61 35 97.134 36 33.906 37 43.666 38 51.178 39 60.193 40 66.21 41 74.478 42 81.999 43 88.771 44 99.295 45 109.072 46 118.102 47 56.369 48 72.886 49 79.656 50 87.178 51 96.202 52 103.978 53 115.808 54 124.179 55 128.37 56 26.486 57 26.493 58 26.5 59 28.18 60 28.704 61 28.711 62 29.406 63 31.364 64 31.726 65 32.166 66 32.212 67 32.221 68 37.538 69 48.049 70 57.063 71 2.076 72 7.327 73 17.831 74 28.337 75 33.595 76 41.855 77 50.117 78 55.38 79 63.646 80 69.663 81 19.921 82 28.177 83 38.685 84 47.696 85 53.71 86 60.475 87 68.742 88 74.76 89 82.281 90 27.295 91 36.304 92 50.565 93 59.58 94 71.597 95 79.867 96 85.138 97 95.662 98 41.437 99 51.949 100 62.464 101 72.981 102 81.251 103 90.274 104 98.549 105 103.075 106 54.094 107 68.36 108 73.629 109 83.399 110 88.671 111 99.946 112 105.973 113 114.252 114 121.782 115 126.315 116 76.588 117 81.859 118 91.631 119 97.656 120 107.433 121 114.962 122 124.744 123 132.277 124 81.057 125 94.58 126 102.856 127 114.134 128 125.415 129 135.199 130 139.735 131 147.272 132 99.808 133 108.085 134 120.115 135 131.397 136 138.933 137 145.72 138 151.759 139 160.8 140 167.593 141 175.888 142 122.42 143 131.454 144 138.238 145 147.275 146 152.564 147 160.855 148 170.649 149 122.441 150 130.724 151 145.76 152 157.8 153 167.592 154 178.137 155 186.435 156 193.984 157 144.276 158 149.564 159 155.604 160 163.896 161 178.191 162 187.989 163 197.789 164 206.092 165 212.897 166 158.688 167 167.731 168 175.276 169 187.324 170 200.124 171 212.178 172 218.985 173 228.043 174 176.843 175 180.639 176 188.937 177 200.988 178 207.792 179 218.347 180 227.406 181 233.466 182 238.778 183 158.326 184 167.368 185 177.164 186 186.961 187 195.261 188 105.055 189 114.835 190 122.365 191 132.149 192 141.184 193 147.222 194 154.011 195 162.303 196 81.837 197 91.036 198 102.061 199 114.089 200 125.12 201 130.154 202 139.189 203 148.226 204 159.266 205 172.309 206 185.356 207 196.406 208 206.458 209 214.513 210 164.569 211 176.613 212 186.661 213 198.711 214 213.765 215 225.635 216 237.537 217 163.389 218 113.433 219 127.464 220 135.499 221 146.536 222 158.576 223 167.78 224 186.379 225 199.579 226 208.117 227 218.643 228 138.94 229 161.181 230 174.284 231 189.643 232 203.445 233 224.797 234 240.25 235 253.484 236 268.538 237 287.035 238 300.862 239 232.661 240 252.721 241 264.039 242 278.56 243 291.134 244 302.736 245 314.067 246 321.552 247 332.836 248 349.025 249 370.369 250 388.598 251 310.095 252 319.802 253 336.03 254 352.37 255 367.464 256 379.879 257 399.79 258 407.395 259 419.966 260 436.084 261 446.959 262 458.205 263 471.693 264 485.568 265 412.504 266 430.648 267 449.513 268 465.883 269 483.367 270 499.159 271 509.87 272 520.004 273 539.983 274 555.37 275 565.623 276 580.773 277 504.539 278 518.423 279 533.189 280 547.08 281 562.747 282 578.903 283 594.056 284 606.007 285 612.417 286 630.051 287 644.745 288 659.688 289 669.847 290 599.165 291 604.322 292 621.668 293 639.849 294 653.496 295 663.632 296 672.556 297 690.119 298 702.8 299 714.028 300 730.395 301 750.713 302 763.351 303 775.415 304 700.849 305 717.236 306 729.257 307 747.664 308 760.52 309 772.776 310 786.73 311 800.652 312 816.531 313 829.169 314 843.931 315 770.198 316 779.151 317 793.106 318 805.801 319 814.763 320 833.274 321 850.549 322 874.02 323 888.843 324 905.295 325 920.533 326 932.843 327 852.54 328 871.611 329 884.339 330 905.212 331 920.195 332 936.688 333 953.094 334 970.071 335 977.826 336 989.301 337 1003.419 338 1017.433 339 1031.45 340 954.404 341 964.655 342 977.726 343 989.232 344 1005.26 345 1021.31 346 1040.022 347 1055.295 348 1068.607 349 1080.016 350 1091.533 351 1104.277 352 1125.716 353 1134.762 354 1055.277 355 1072.345 356 1085.044 357 1104.312 358 1117.086 359 1130.583 360 1142.722 361 1161.57 362 1176.584 363 1188.235 364 1104.622 365 1122.374 366 1138.838 367 1154.015 368 1175.273 369 1195.081 370 1202.517 371 1215.81 372 1226.748 373 1234.57 374 1247.223 375 1262.83 376 1275.778 377 1285.779 378 1207.595 379 1222.333 380 1238.565 381 1246.39 382 1255.467 383 1270.418 384 1282.448 385 1291.534 386 1307.878 387 1321.396 388 1334.117 389 1349.468 390 1364.755 391 1377.594 392 1298.2 393 1315.212 394 1329.095 395 1341.672 396 1358.231 397 1371.981 398 1383.085 399 1390.947 400 1400.912 401 1416.065 402 1433.256 403 1453.47 404 1464.64 405 1392.583 406 1402.948 407 1412.453 408 1422.726 409 1436.85 410 1453.478 411 1470.09 412 1491.269 413 1505.41 414 1521.835 415 1533.182 416 1545.49 417 1565.76 418 1486.411 419 1501.801 420 1509.477 421 1525.975 422 1541.803 423 1556.832 424 1578.58 425 1597.146 426 1612.398 427 1625.175 428 1640.514 429 1658.427 430 1579.518 431 1593.624 432 1610.701 433 1619.464 434 1633.639 435 1646.316 436 1661.227 437 1680.356 438 1698.166 439 1711.111 440 1723.933 441 1735.634 442 1746.852 443 1674.227 444 1686.913 445 1702.635 446 1719.38 447 1731.08 448 1749.453 449 1764.779 450 1773.991 451 1781.955 452 1794.923 453 1812.757 454 1830.677 455 1843.657 456 1851.433 457 1771.849 458 1789.131 459 1808.874 460 1820.597 461 1834.565 462 1849.56 463 1860.516 464 1873.504 465 1883.994 466 1900.155 467 1910.62 468 1924.871 469 1934.77 470 1861.766 471 1873.503 472 1883.994 473 1901.314 474 1918.63 475 1936.545 476 1947.751 477 1960.715 478 1978.157 479 1993.31 480 2005.877 481 2016.173 482 2030.152 483 1957.545 484 1975.204 485 1987.662 486 2000.172'}
        ],
        legend: "FALSE",
        hAxisLabel: 'day',
        xAxisDecimalFormat : {decimalSeparator: '.', decimalPrecision: 0, groupingSeparator: ',', groupingSize: 3},
        yAxisDecimalFormat : {decimalSeparator: '.', decimalPrecision: 0, groupingSeparator: ',', groupingSize: 3},
        width: 450, height: 300, 
        xAxisStep: 50, yAxisStep: 40, 
        onMouseWheelZoom: 1.1,
        DecimalFormat: {
          'x-data' : {decimalSeparator: '.', decimalPrecision: 0, groupingSeparator: ',', groupingSize: 3},
          'y-data' : {decimalSeparator: '.', decimalPrecision: 2, groupingSeparator: ',', groupingSize: 3}
        },
        helpText : {
           common : 'drag mouse over region of interest to zoom in plot',
           touch_common : 'Drag over the region to change the scope of the axes<br/>Pinch or spread to zoom in plot',
           touch_double_1 : '<br/>Double tap to reset plot',
           touch_double_2 : '<br/>Double tap to show plot data',
           touch_double_3 : 'Drag over the data (up and down or left and right) to scroll it<br/>Double tap to show plot',
         },
         localizeText:{
           reset : 'reset',
           data : 'data',
           chart : 'chart',
           clear : 'clear',
           zoomIn : 'zoom in',
           zoomOut : 'zoom out',
         }
      }
      var plot = Plot.create('#content_1',data);
  </script>
  </div>
</div>
</BODY> </HTML>
