http://lab.responsive.net/Littlefield/Plot?data=INV&x=all

<!DOCTYPE HTML>
<html>
    <meta http-equiv='Content-Type' content='text/html; charset=utf-8' />
    <meta name='viewport' content='width=device-width, initial-scale=1.0'/>
    <title>Plot</title>
    <link rel='stylesheet' type='text/css' href='/css/plot.css'/>
    <script type='text/javascript' src='/js/lib/jquery-1.6.1.min.js'></script>
    <script type='text/javascript' src='/js/testMobile.js'></script>
    <script type='text/javascript' src='/js/plot.js'></script>
    <script type='text/javascript' src='/js/download.js'></script>
    <script type='text/javascript' src='/js/FileSaver.js'></script>
</head>
<body bgcolor=#FFFFFF>
   <div align='center' style='font-family: Arial, Helvetica,  sans-serif;color:navy; position: relative;'>
  <div class='top-controls'>
    <button class='download' title="download" onclick="download('Plot of inventory level in kits (not an average).xls');"></button>
    <button class='reload' title="reload"onclick='document.location.reload(true);'></button>
    <button class='close' title="close"onclick='window.close();'></button>
  </div>
  Plot of inventory level in kits (not an average)
<br/> <br/> <br/>
     <div id='content_1' class='content'>
     <script>
     var data = {
     region: {x1: 1.0, x2: 486.0, y1: 0.0, y2: 12300.0},
     lines:[
          {label: 'data', points: '1 8820 2 7920 3 7440 4 6300 5 5460 6 4560 7 3960 8 3000 9 2400 10 2040 11 1380 12 480 12.324 420 12.324 7620 13 7200 14 6240 15 5460 16 4800 17 4020 18 3000 19 2280 20 1140 20.797 600 20.797 7800 21 7740 22 6840 23 5940 24 5040 25 4740 26 4200 27 3840 28 3300 29 2760 29.898 2340 29.898 9540 30 9480 31 8580 32 7740 33 6600 34 5700 35 4800 36 4020 37 3480 38 2580 39 1980 39.784 1500 39.784 8700 40 8520 41 7620 42 7080 43 6300 44 5580 45 5040 46 4440 47 3780 48 3240 49 2460 50 1740 50.233 1680 50.233 8880 51 8700 52 7380 53 6540 54 5580 55 4800 56 4200 57 3480 58 2340 59 1500 59.994 900 59.994 11100 60 11100 61 10500 62 9600 63 8820 64 7680 65 6840 66 6300 67 5700 68 5040 69 4440 70 3840 71 3240 72 2580 73 2100 74 1680 74.875 1200 74.875 7200 75 7140 76 6180 77 5880 78 5100 79 4620 80 3780 81 2940 82 2340 83 1620 84 1020 84.214 900 84.214 6900 85 6600 86 5940 87 5280 88 4800 89 4200 90 3360 91 2640 92 1680 93 900 93.498 600 93.498 6600 94 6300 95 5580 96 4920 97 4440 98 3540 99 2640 100 1860 101 840 101.835 0 101.942 0 101.942 6000 102 5940 103 5460 104 4440 105 3960 106 3120 107 2460 108 1860 109 1320 109.392 1080 109.392 7080 110 6780 111 6120 112 5820 113 5040 114 4620 115 3840 116 3120 117 2700 118 2100 119 1380 119.279 1320 119.279 7320 120 6540 121 6120 122 5280 123 4320 124 3300 125 2460 126 1560 127 540 127.494 0 127.661 0 127.661 6000 128 5820 129 5520 130 4560 131 4200 132 3300 133 2520 134 1800 135 1080 135.671 840 135.671 6840 136 6600 137 6120 138 5280 139 4680 140 4080 141 3660 142 2820 143 2160 144 1140 145 480 145.102 420 145.102 6420 146 5580 147 4620 148 4200 149 3480 150 2760 151 2040 152 1200 152.76 540 152.76 6540 153 6300 154 5460 155 4620 156 3840 157 3120 158 2460 159 1500 160 1140 160.341 780 160.341 6780 161 6420 162 5820 163 5160 164 4560 165 3660 166 3000 167 1980 168 1440 169 660 169.058 600 169.058 6600 170 5580 171 5160 172 4800 173 4020 174 3240 175 2580 176 1920 177 1140 177.338 960 177.338 6960 178 6660 179 5820 180 5280 181 4680 182 3960 183 2640 184 1980 185 1560 186 600 186.351 360 186.351 9360 187 9060 188 8520 189 8040 190 7080 191 6600 192 5940 193 5580 194 4980 195 4200 196 3180 197 2700 198 1980 199 1320 199.631 900 199.631 9900 200 9840 201 9300 202 8880 203 8400 204 7560 205 6600 206 5940 207 5520 208 4980 209 4320 210 3540 211 3000 212 2280 213 1440 213.93 120 213.93 6120 214 6120 215 5580 216 4980 217 3960 218 3600 219 2640 220 2100 221 1500 221.963 900 221.963 6900 222 6900 223 6300 224 5280 225 4800 226 4440 227 3960 228 3000 229 2160 230 1200 231 720 231.514 360 231.514 9360 232 9000 233 7680 234 6900 235 6300 236 5520 237 4620 238 3780 239 2760 240 1860 241 1320 242 780 242.035 720 242.035 9720 243 8880 244 8340 245 7920 246 7440 247 6960 248 5940 249 4980 250 4200 251 3540 252 3000 253 2280 254 1500 254.767 840 254.767 9840 255 9840 256 9000 257 8520 258 7980 259 7140 260 6600 261 6060 262 5400 263 4740 264 4020 265 2940 266 2220 267 1380 268 600 268.355 360 268.355 9360 269 8700 270 7860 271 7500 272 6840 273 5760 274 5280 275 4680 276 4080 277 3180 278 2520 279 1800 280 1020 280.455 600 280.455 9600 281 9240 282 8580 283 7740 284 7380 285 7020 286 6000 287 5340 288 4860 289 4140 290 3480 291 2820 292 2040 293 1140 293.461 960 293.461 9960 294 9720 295 9180 296 8520 297 7980 298 7260 299 6780 300 5460 301 4920 302 4380 303 3720 304 2760 305 1800 306 1020 306.765 0 307 0 307.161 0 307.161 9000 308 8160 309 7620 310 6960 311 5940 312 5640 313 4560 314 4200 315 3360 316 2940 317 2220 318 1680 318.57 1500 318.57 10500 319 10260 320 9180 321 8160 322 7200 323 6240 324 5700 325 4980 326 4440 327 3540 328 2880 329 1920 330 1200 330.886 420 330.886 9420 331 9360 332 8760 333 7800 334 7260 335 6840 336 6000 337 5520 338 4920 339 4260 340 3480 341 3120 342 2580 343 1800 343.857 1140 343.857 10140 344 9960 345 9120 346 8280 347 7560 348 7080 349 6300 350 5940 351 4860 352 4080 353 3780 354 3000 355 2460 356 1560 357 960 357.371 600 357.371 9600 358 9060 359 8400 360 7560 361 6960 362 6060 363 5700 364 4980 365 4440 366 3600 367 2880 367.647 2100 367.647 11100 368 10680 369 10080 370 9480 371 8820 372 8280 373 7920 374 7440 375 6480 376 6060 377 5520 378 4740 379 4140 380 3420 381 3180 381.069 3120 381.069 12120 382 11400 383 10740 384 10260 385 9780 386 9060 387 8280 388 7800 389 7140 390 6240 391 5820 392 5160 393 4320 394 3600 395 3060 395.8 2400 395.8 11400 396 11280 397 10740 398 10320 399 9900 400 9420 401 8040 402 7200 403 6360 404 5880 405 4980 406 4500 407 4080 408 3600 408.28 3300 408.28 12300 409 11760 410 11040 411 9960 412 9180 413 8460 414 7740 415 7260 416 6480 417 5820 418 5220 419 4500 420 3960 421 3360 421.618 2640 421.618 11640 422 11280 423 10380 424 9240 425 8520 426 7800 427 7440 428 6540 429 5640 430 4920 431 4440 432 3840 433 3240 433.336 3000 433.336 12000 434 11400 435 10440 436 9900 437 8700 438 8160 439 7500 440 6900 441 6420 442 5580 443 4920 444 4440 445 3300 446 2820 446.307 2640 446.307 11640 447 10980 448 10320 449 9540 450 9240 451 8580 452 8220 453 7200 454 6420 455 6060 456 5460 457 4860 458 3840 459 3120 460 2400 460.074 2400 460.074 11400 461 10620 462 10140 463 9540 464 9060 465 8340 466 7800 467 7140 468 6600 469 6120 470 5400 471 4740 472 4260 473 3180 473.874 2460 473.874 11460 474 11340 475 10740 476 10200 477 9360 478 8640 479 8040 480 7500 481 6780 482 6060 483 5280 484 4740 485 4020 486 3480'}
        ],
        legend: "FALSE",
        hAxisLabel: 'day',
        xAxisDecimalFormat : {decimalSeparator: '.', decimalPrecision: 0, groupingSeparator: ',', groupingSize: 3},
        yAxisDecimalFormat : {decimalSeparator: '.', decimalPrecision: 0, groupingSeparator: ',', groupingSize: 3},
        width: 450, height: 300, 
        xAxisStep: 50, yAxisStep: 40, 
        onMouseWheelZoom: 1.1,
        DecimalFormat: {
          'x-data' : {decimalSeparator: '.', decimalPrecision: 3, groupingSeparator: ',', groupingSize: 3},
          'y-data' : {decimalSeparator: '.', decimalPrecision: 0, groupingSeparator: ',', groupingSize: 3}
        },
        helpText : {
           common : 'drag mouse over region of interest to zoom in plot',
           touch_common : 'Drag over the region to change the scope of the axes<br/>Pinch or spread to zoom in plot',
           touch_double_1 : '<br/>Double tap to reset plot',
           touch_double_2 : '<br/>Double tap to show plot data',
           touch_double_3 : 'Drag over the data (up and down or left and right) to scroll it<br/>Double tap to show plot',
         },
         localizeText:{
           reset : 'reset',
           data : 'data',
           chart : 'chart',
           clear : 'clear',
           zoomIn : 'zoom in',
           zoomOut : 'zoom out',
         }
      }
      var plot = Plot.create('#content_1',data);
  </script>
  </div>
</div>
</BODY> </HTML>
