http://lab.responsive.net/Littlefield/Plot?data=JOBOUT&x=all

<!DOCTYPE HTML>
<html>
    <meta http-equiv='Content-Type' content='text/html; charset=utf-8' />
    <meta name='viewport' content='width=device-width, initial-scale=1.0'/>
    <title>Plot</title>
    <link rel='stylesheet' type='text/css' href='/css/plot.css'/>
    <script type='text/javascript' src='/js/lib/jquery-1.6.1.min.js'></script>
    <script type='text/javascript' src='/js/testMobile.js'></script>
    <script type='text/javascript' src='/js/plot.js'></script>
    <script type='text/javascript' src='/js/download.js'></script>
    <script type='text/javascript' src='/js/FileSaver.js'></script>
</head>
<body bgcolor=#FFFFFF>
   <div align='center' style='font-family: Arial, Helvetica,  sans-serif;color:navy; position: relative;'>
  <div class='top-controls'>
    <button class='download' title="download" onclick="download('Plot of number of completed jobs each day.xls');"></button>
    <button class='reload' title="reload"onclick='document.location.reload(true);'></button>
    <button class='close' title="close"onclick='window.close();'></button>
  </div>
  Plot of number of completed jobs each day
<br/> <br/> <br/>
     <div id='content_1' class='content'>
     <script>
     var data = {
     region: {x1: 1.0, x2: 486.0, y1: 0.0, y2: 22.0},
     lines:[
          {label: 'contract 1', name: 'quoted lead time = 7 day(s) , maximum lead time = 14 day(s), maximum revenue = 750', points: '1 7 2 14 3 9 4 15 5 11 6 13 7 13 8 11 9 15 10 17 11 6 12 11 13 11 14 14 15 11 16 10 17 8 18 11 19 14 20 11 21 9 22 12 23 12 24 12 25 12 26 10 27 22 28 20 29 10 30 6 31 11 32 15 33 9 34 15 35 14 36 13 37 13 38 10 39 12 40 8 41 11 42 10 43 9 44 14 45 13 46 12 47 15 48 22 49 9 50 10 51 12 52 1 53 0 54 0 55 0 56 0 57 0 58 0 59 0 60 0 61 0 62 0 63 0 64 0 65 0 66 0 67 0 68 5 69 14 70 12 71 8 72 7 73 14 74 14 75 7 76 11 77 11 78 7 79 11 80 8 81 15 82 11 83 14 84 12 85 8 86 9 87 11 88 8 89 10 90 8 91 12 92 19 93 12 94 16 95 11 96 7 97 14 98 9 99 14 100 14 101 14 102 11 103 12 104 11 105 6 106 16 107 19 108 7 109 13 110 7 111 15 112 8 113 11 114 10 115 6 116 15 117 7 118 13 119 8 120 13 121 10 122 13 123 10 124 13 125 18 126 11 127 15 128 15 129 13 130 6 131 10 132 18 133 11 134 16 135 15 136 10 137 9 138 8 139 12 140 9 141 11 142 10 143 12 144 9 145 12 146 7 147 11 148 13 149 17 150 11 151 20 152 16 153 13 154 14 155 11 156 10 157 15 158 7 159 8 160 11 161 19 162 13 163 13 164 11 165 9 166 9 167 12 168 10 169 16 170 17 171 16 172 9 173 12 174 13 175 5 176 11 177 16 178 9 179 14 180 12 181 8 182 7 183 14 184 12 185 13 186 13 187 11 188 13 189 13 190 10 191 13 192 12 193 8 194 9 195 11 196 14 197 11 198 0 199 0 200 0 201 0 202 0 203 0 204 0 205 0 206 0 207 0 208 0 209 0 210 0 211 0 212 0 213 0 214 0 215 0 216 0 217 0 218 0 219 0 220 0 221 0 222 0 223 0 224 0 225 0 226 0 227 0 228 0 229 0 230 0 231 0 232 0 233 0 234 0 235 0 236 0 237 0 238 0 239 0 240 0 241 0 242 0 243 0 244 0 245 0 246 0 247 0 248 0 249 0 250 0 251 0 252 0 253 0 254 0 255 0 256 0 257 0 258 0 259 0 260 0 261 0 262 0 263 0 264 0 265 0 266 0 267 0 268 0 269 0 270 0 271 0 272 0 273 0 274 0 275 0 276 0 277 0 278 0 279 0 280 0 281 0 282 0 283 0 284 0 285 0 286 0 287 0 288 0 289 0 290 0 291 0 292 0 293 0 294 0 295 0 296 0 297 0 298 0 299 0 300 0 301 0 302 0 303 0 304 0 305 0 306 0 307 0 308 0 309 0 310 0 311 0 312 0 313 0 314 0 315 0 316 0 317 0 318 0 319 0 320 0 321 0 322 0 323 0 324 0 325 0 326 0 327 0 328 0 329 0 330 0 331 0 332 0 333 0 334 0 335 0 336 0 337 0 338 0 339 0 340 0 341 0 342 0 343 0 344 0 345 0 346 0 347 0 348 0 349 0 350 0 351 0 352 0 353 0 354 0 355 0 356 0 357 0 358 0 359 0 360 0 361 0 362 0 363 0 364 0 365 0 366 0 367 0 368 0 369 0 370 0 371 0 372 0 373 0 374 0 375 0 376 0 377 0 378 0 379 0 380 0 381 0 382 0 383 0 384 0 385 0 386 0 387 0 388 0 389 0 390 0 391 0 392 0 393 0 394 0 395 0 396 0 397 0 398 0 399 0 400 0 401 0 402 0 403 0 404 0 405 0 406 0 407 0 408 0 409 0 410 0 411 0 412 0 413 0 414 0 415 0 416 0 417 0 418 0 419 0 420 0 421 0 422 0 423 0 424 0 425 0 426 0 427 0 428 0 429 0 430 0 431 0 432 0 433 0 434 0 435 0 436 0 437 0 438 0 439 0 440 0 441 0 442 0 443 0 444 0 445 0 446 0 447 0 448 0 449 0 450 0 451 0 452 0 453 0 454 0 455 0 456 0 457 0 458 0 459 0 460 0 461 0 462 0 463 0 464 0 465 0 466 0 467 0 468 0 469 0 470 0 471 0 472 0 473 0 474 0 475 0 476 0 477 0 478 0 479 0 480 0 481 0 482 0 483 0 484 0 485 0 486 0'},
          {label: 'contract 2', name: 'quoted lead time = 1 day(s) , maximum lead time = 2 day(s), maximum revenue = 1,000', points: '1 0 2 0 3 0 4 0 5 0 6 0 7 0 8 0 9 0 10 0 11 0 12 0 13 0 14 0 15 0 16 0 17 0 18 0 19 0 20 0 21 0 22 0 23 0 24 0 25 0 26 0 27 0 28 0 29 0 30 0 31 0 32 0 33 0 34 0 35 0 36 0 37 0 38 0 39 0 40 0 41 0 42 0 43 0 44 0 45 0 46 0 47 0 48 0 49 0 50 0 51 0 52 7 53 12 54 12 55 9 56 9 57 12 58 12 59 18 60 5 61 20 62 17 63 9 64 14 65 11 66 13 67 14 68 18 69 0 70 0 71 0 72 0 73 0 74 0 75 0 76 0 77 0 78 0 79 0 80 0 81 0 82 0 83 0 84 0 85 0 86 0 87 0 88 0 89 0 90 0 91 0 92 0 93 0 94 0 95 0 96 0 97 0 98 0 99 0 100 0 101 0 102 0 103 0 104 0 105 0 106 0 107 0 108 0 109 0 110 0 111 0 112 0 113 0 114 0 115 0 116 0 117 0 118 0 119 0 120 0 121 0 122 0 123 0 124 0 125 0 126 0 127 0 128 0 129 0 130 0 131 0 132 0 133 0 134 0 135 0 136 0 137 0 138 0 139 0 140 0 141 0 142 0 143 0 144 0 145 0 146 0 147 0 148 0 149 0 150 0 151 0 152 0 153 0 154 0 155 0 156 0 157 0 158 0 159 0 160 0 161 0 162 0 163 0 164 0 165 0 166 0 167 0 168 0 169 0 170 0 171 0 172 0 173 0 174 0 175 0 176 0 177 0 178 0 179 0 180 0 181 0 182 0 183 0 184 0 185 0 186 0 187 0 188 0 189 0 190 0 191 0 192 0 193 0 194 0 195 0 196 0 197 0 198 11 199 12 200 11 201 5 202 9 203 9 204 11 205 13 206 13 207 11 208 10 209 8 210 11 211 12 212 10 213 12 214 15 215 13 216 13 217 16 218 11 219 14 220 8 221 11 222 12 223 2 224 0 225 0 226 0 227 0 228 0 229 0 230 0 231 0 232 0 233 0 234 0 235 0 236 0 237 0 238 0 239 0 240 0 241 0 242 0 243 0 244 0 245 0 246 0 247 0 248 0 249 0 250 0 251 0 252 0 253 0 254 0 255 0 256 0 257 0 258 0 259 0 260 0 261 0 262 0 263 0 264 0 265 0 266 0 267 0 268 0 269 0 270 0 271 0 272 0 273 0 274 0 275 0 276 0 277 0 278 0 279 0 280 0 281 0 282 0 283 0 284 0 285 0 286 0 287 0 288 0 289 0 290 0 291 0 292 0 293 0 294 0 295 0 296 0 297 0 298 0 299 0 300 0 301 0 302 0 303 0 304 0 305 0 306 0 307 0 308 0 309 0 310 0 311 0 312 0 313 0 314 0 315 0 316 0 317 0 318 0 319 0 320 0 321 0 322 0 323 0 324 0 325 0 326 0 327 0 328 0 329 0 330 0 331 0 332 0 333 0 334 0 335 0 336 0 337 0 338 0 339 0 340 0 341 0 342 0 343 0 344 0 345 0 346 0 347 0 348 0 349 0 350 0 351 0 352 0 353 0 354 0 355 0 356 0 357 0 358 0 359 0 360 0 361 0 362 0 363 0 364 0 365 0 366 0 367 0 368 0 369 0 370 0 371 0 372 0 373 0 374 0 375 0 376 0 377 0 378 0 379 0 380 0 381 0 382 0 383 0 384 0 385 0 386 0 387 0 388 0 389 0 390 0 391 0 392 0 393 0 394 0 395 0 396 0 397 0 398 0 399 0 400 0 401 0 402 0 403 0 404 0 405 0 406 0 407 0 408 0 409 0 410 0 411 0 412 0 413 0 414 0 415 0 416 0 417 0 418 0 419 0 420 0 421 0 422 0 423 0 424 0 425 0 426 0 427 0 428 0 429 0 430 0 431 0 432 0 433 0 434 0 435 0 436 0 437 0 438 0 439 0 440 0 441 0 442 0 443 0 444 0 445 0 446 0 447 0 448 0 449 0 450 0 451 0 452 0 453 0 454 0 455 0 456 0 457 0 458 0 459 0 460 0 461 0 462 0 463 0 464 0 465 0 466 0 467 0 468 0 469 0 470 0 471 0 472 0 473 0 474 0 475 0 476 0 477 0 478 0 479 0 480 0 481 0 482 0 483 0 484 0 485 0 486 0'},
          {label: 'contract 3', name: 'quoted lead time = 0.5 day(s) , maximum lead time = 1 day(s), maximum revenue = 1,250', points: '1 0 2 0 3 0 4 0 5 0 6 0 7 0 8 0 9 0 10 0 11 0 12 0 13 0 14 0 15 0 16 0 17 0 18 0 19 0 20 0 21 0 22 0 23 0 24 0 25 0 26 0 27 0 28 0 29 0 30 0 31 0 32 0 33 0 34 0 35 0 36 0 37 0 38 0 39 0 40 0 41 0 42 0 43 0 44 0 45 0 46 0 47 0 48 0 49 0 50 0 51 0 52 0 53 0 54 0 55 0 56 0 57 0 58 0 59 0 60 0 61 0 62 0 63 0 64 0 65 0 66 0 67 0 68 0 69 0 70 0 71 0 72 0 73 0 74 0 75 0 76 0 77 0 78 0 79 0 80 0 81 0 82 0 83 0 84 0 85 0 86 0 87 0 88 0 89 0 90 0 91 0 92 0 93 0 94 0 95 0 96 0 97 0 98 0 99 0 100 0 101 0 102 0 103 0 104 0 105 0 106 0 107 0 108 0 109 0 110 0 111 0 112 0 113 0 114 0 115 0 116 0 117 0 118 0 119 0 120 0 121 0 122 0 123 0 124 0 125 0 126 0 127 0 128 0 129 0 130 0 131 0 132 0 133 0 134 0 135 0 136 0 137 0 138 0 139 0 140 0 141 0 142 0 143 0 144 0 145 0 146 0 147 0 148 0 149 0 150 0 151 0 152 0 153 0 154 0 155 0 156 0 157 0 158 0 159 0 160 0 161 0 162 0 163 0 164 0 165 0 166 0 167 0 168 0 169 0 170 0 171 0 172 0 173 0 174 0 175 0 176 0 177 0 178 0 179 0 180 0 181 0 182 0 183 0 184 0 185 0 186 0 187 0 188 0 189 0 190 0 191 0 192 0 193 0 194 0 195 0 196 0 197 1 198 0 199 0 200 0 201 0 202 0 203 0 204 0 205 0 206 0 207 0 208 0 209 0 210 0 211 0 212 0 213 0 214 0 215 0 216 0 217 0 218 0 219 0 220 0 221 0 222 0 223 6 224 15 225 11 226 7 227 9 228 9 229 18 230 11 231 13 232 11 233 18 234 18 235 11 236 12 237 15 238 11 239 20 240 16 241 9 242 12 243 10 244 11 245 9 246 6 247 9 248 13 249 17 250 15 251 10 252 8 253 13 254 13 255 12 256 10 257 16 258 6 259 10 260 13 261 9 262 9 263 11 264 11 265 15 266 15 267 15 268 13 269 14 270 13 271 10 272 8 273 16 274 13 275 9 276 12 277 12 278 11 279 12 280 11 281 13 282 13 283 12 284 10 285 5 286 14 287 12 288 12 289 8 290 17 291 4 292 14 293 15 294 11 295 8 296 7 297 14 298 10 299 9 300 13 301 17 302 10 303 10 304 13 305 13 306 14 307 21 308 13 309 11 310 11 311 11 312 13 313 10 314 12 315 14 316 7 317 11 318 10 319 7 320 15 321 16 322 20 323 12 324 14 325 12 326 10 327 9 328 16 329 10 330 17 331 12 332 13 333 13 334 14 335 6 336 9 337 12 338 11 339 11 340 11 341 8 342 11 343 9 344 13 345 14 346 15 347 12 348 11 349 9 350 9 351 10 352 17 353 7 354 9 355 15 356 10 357 16 358 10 359 11 360 10 361 16 362 12 363 10 364 6 365 15 366 13 367 12 368 17 369 16 370 6 371 11 372 9 373 6 374 10 375 13 376 11 377 8 378 10 379 12 380 13 381 6 382 7 383 12 384 10 385 7 386 13 387 11 388 10 389 12 390 12 391 10 392 9 393 14 394 11 395 10 396 13 397 11 398 9 399 6 400 8 401 12 402 19 403 17 404 9 405 15 406 8 407 8 408 8 409 11 410 13 411 13 412 18 413 11 414 13 415 9 416 10 417 16 418 9 419 12 420 6 421 13 422 13 423 14 424 18 425 16 426 12 427 10 428 12 429 14 430 11 431 11 432 14 433 7 434 11 435 11 436 15 437 15 438 15 439 10 440 10 441 9 442 9 443 16 444 10 445 13 446 14 447 9 448 15 449 12 450 7 451 6 452 10 453 14 454 14 455 10 456 6 457 11 458 14 459 16 460 9 461 11 462 12 463 9 464 10 465 8 466 13 467 8 468 11 469 8 470 14 471 9 472 8 473 14 474 15 475 14 476 9 477 10 478 14 479 12 480 10 481 8 482 11 483 15 484 14 485 10 486 10'},
        ],
        legend: "TRUE",
        hAxisLabel: 'day',
        xAxisDecimalFormat : {decimalSeparator: '.', decimalPrecision: 0, groupingSeparator: ',', groupingSize: 3},
        yAxisDecimalFormat : {decimalSeparator: '.', decimalPrecision: 0, groupingSeparator: ',', groupingSize: 3},
        width: 450, height: 300, 
        xAxisStep: 50, yAxisStep: 40, 
        onMouseWheelZoom: 1.1,
        DecimalFormat: {
          'x-data' : {decimalSeparator: '.', decimalPrecision: 0, groupingSeparator: ',', groupingSize: 3},
          'y-data' : {decimalSeparator: '.', decimalPrecision: 0, groupingSeparator: ',', groupingSize: 3}
        },
        helpText : {
           common : 'drag mouse over region of interest to zoom in plot',
           touch_common : 'Drag over the region to change the scope of the axes<br/>Pinch or spread to zoom in plot',
           touch_double_1 : '<br/>Double tap to reset plot',
           touch_double_2 : '<br/>Double tap to show plot data',
           touch_double_3 : 'Drag over the data (up and down or left and right) to scroll it<br/>Double tap to show plot',
         },
         localizeText:{
           reset : 'reset',
           data : 'data',
           chart : 'chart',
           clear : 'clear',
           zoomIn : 'zoom in',
           zoomOut : 'zoom out',
         }
      }
      var plot = Plot.create('#content_1',data);
  </script>
  </div>
</div>
</BODY> </HTML>
