http://lab.responsive.net/Littlefield/Plot?data=JOBT&x=all

<!DOCTYPE HTML>
<html>
    <meta http-equiv='Content-Type' content='text/html; charset=utf-8' />
    <meta name='viewport' content='width=device-width, initial-scale=1.0'/>
    <title>Plot</title>
    <link rel='stylesheet' type='text/css' href='/css/plot.css'/>
    <script type='text/javascript' src='/js/lib/jquery-1.6.1.min.js'></script>
    <script type='text/javascript' src='/js/testMobile.js'></script>
    <script type='text/javascript' src='/js/plot.js'></script>
    <script type='text/javascript' src='/js/download.js'></script>
    <script type='text/javascript' src='/js/FileSaver.js'></script>
</head>
<body bgcolor=#FFFFFF>
   <div align='center' style='font-family: Arial, Helvetica,  sans-serif;color:navy; position: relative;'>
  <div class='top-controls'>
    <button class='download' title="download" onclick="download('Plot of daily average job lead time.xls');"></button>
    <button class='reload' title="reload"onclick='document.location.reload(true);'></button>
    <button class='close' title="close"onclick='window.close();'></button>
  </div>
  Plot of daily average job lead time
<br/> <br/> <br/>
     <div id='content_1' class='content'>
     <script>
     var data = {
     region: {x1: 1.0, x2: 486.0, y1: 0.0, y2: 2.8731113215488215},
     lines:[
          {label: 'contract 1', name: 'quoted lead time = 7 day(s) , maximum lead time = 14 day(s), maximum revenue = 750', points: '1 0.523 2 0.552 3 0.692 4 0.537 5 0.841 6 0.813 7 1.087 8 0.985 9 1.154 10 0.879 11 0.418 12 0.551 13 0.801 14 0.584 15 0.626 16 0.892 17 1.114 18 1.526 19 1.497 20 1.777 21 2.18 22 2.145 23 2.581 24 2.537 25 2.735 26 2.752 27 2.873 28 1.143 29 0.439 30 0.437 31 0.438 32 0.72 33 0.546 34 1.024 35 1.304 36 1.338 37 1.624 38 1.554 39 1.394 40 1.366 41 1.829 42 1.869 43 2.188 44 2.351 45 2.033 46 2.171 47 1.687 48 0.987 49 0.438 50 0.592 51 0.62 52 0.343 53 0 54 0 55 0 56 0 57 0 58 0 59 0 60 0 61 0 62 0 63 0 64 0 65 0 66 0 67 0 68 1.664 69 1.329 70 0.996 71 1.131 72 1.078 73 1.081 74 0.722 75 0.391 76 0.454 77 0.49 78 0.424 79 0.729 80 0.795 81 0.677 82 0.69 83 0.918 84 0.513 85 0.443 86 0.396 87 0.51 88 0.731 89 0.508 90 0.465 91 1.077 92 0.69 93 0.766 94 0.695 95 0.371 96 0.426 97 0.622 98 0.448 99 0.553 100 0.869 101 0.673 102 1.026 103 1.094 104 1.253 105 1.318 106 1.657 107 1.09 108 1.114 109 1.161 110 1.163 111 0.962 112 0.501 113 0.448 114 0.612 115 0.339 116 0.625 117 0.746 118 0.695 119 0.555 120 0.599 121 0.526 122 0.655 123 0.853 124 0.921 125 0.995 126 1.063 127 1.195 128 1.415 129 1.348 130 1.61 131 1.342 132 1.141 133 0.808 134 0.824 135 0.621 136 0.426 137 0.453 138 0.419 139 0.564 140 0.671 141 0.843 142 0.371 143 0.57 144 0.928 145 1.074 146 1.536 147 1.659 148 1.814 149 1.76 150 1.483 151 1.177 152 0.623 153 0.525 154 0.722 155 0.69 156 0.91 157 1.067 158 1.002 159 1.448 160 1.803 161 1.579 162 0.99 163 0.634 164 0.445 165 0.646 166 0.971 167 1.116 168 1.216 169 1.367 170 0.982 171 1.087 172 0.732 173 0.503 174 0.487 175 0.924 176 1.146 177 0.705 178 0.851 179 0.536 180 0.46 181 0.432 182 0.652 183 0.742 184 1.148 185 1.407 186 1.236 187 1.133 188 1.313 189 0.499 190 0.459 191 0.679 192 0.508 193 0.362 194 0.366 195 0.398 196 0.506 197 0.584 198 0 199 0 200 0 201 0 202 0 203 0 204 0 205 0 206 0 207 0 208 0 209 0 210 0 211 0 212 0 213 0 214 0 215 0 216 0 217 0 218 0 219 0 220 0 221 0 222 0 223 0 224 0 225 0 226 0 227 0 228 0 229 0 230 0 231 0 232 0 233 0 234 0 235 0 236 0 237 0 238 0 239 0 240 0 241 0 242 0 243 0 244 0 245 0 246 0 247 0 248 0 249 0 250 0 251 0 252 0 253 0 254 0 255 0 256 0 257 0 258 0 259 0 260 0 261 0 262 0 263 0 264 0 265 0 266 0 267 0 268 0 269 0 270 0 271 0 272 0 273 0 274 0 275 0 276 0 277 0 278 0 279 0 280 0 281 0 282 0 283 0 284 0 285 0 286 0 287 0 288 0 289 0 290 0 291 0 292 0 293 0 294 0 295 0 296 0 297 0 298 0 299 0 300 0 301 0 302 0 303 0 304 0 305 0 306 0 307 0 308 0 309 0 310 0 311 0 312 0 313 0 314 0 315 0 316 0 317 0 318 0 319 0 320 0 321 0 322 0 323 0 324 0 325 0 326 0 327 0 328 0 329 0 330 0 331 0 332 0 333 0 334 0 335 0 336 0 337 0 338 0 339 0 340 0 341 0 342 0 343 0 344 0 345 0 346 0 347 0 348 0 349 0 350 0 351 0 352 0 353 0 354 0 355 0 356 0 357 0 358 0 359 0 360 0 361 0 362 0 363 0 364 0 365 0 366 0 367 0 368 0 369 0 370 0 371 0 372 0 373 0 374 0 375 0 376 0 377 0 378 0 379 0 380 0 381 0 382 0 383 0 384 0 385 0 386 0 387 0 388 0 389 0 390 0 391 0 392 0 393 0 394 0 395 0 396 0 397 0 398 0 399 0 400 0 401 0 402 0 403 0 404 0 405 0 406 0 407 0 408 0 409 0 410 0 411 0 412 0 413 0 414 0 415 0 416 0 417 0 418 0 419 0 420 0 421 0 422 0 423 0 424 0 425 0 426 0 427 0 428 0 429 0 430 0 431 0 432 0 433 0 434 0 435 0 436 0 437 0 438 0 439 0 440 0 441 0 442 0 443 0 444 0 445 0 446 0 447 0 448 0 449 0 450 0 451 0 452 0 453 0 454 0 455 0 456 0 457 0 458 0 459 0 460 0 461 0 462 0 463 0 464 0 465 0 466 0 467 0 468 0 469 0 470 0 471 0 472 0 473 0 474 0 475 0 476 0 477 0 478 0 479 0 480 0 481 0 482 0 483 0 484 0 485 0 486 0'},
          {label: 'contract 2', name: 'quoted lead time = 1 day(s) , maximum lead time = 2 day(s), maximum revenue = 1,000', points: '1 0 2 0 3 0 4 0 5 0 6 0 7 0 8 0 9 0 10 0 11 0 12 0 13 0 14 0 15 0 16 0 17 0 18 0 19 0 20 0 21 0 22 0 23 0 24 0 25 0 26 0 27 0 28 0 29 0 30 0 31 0 32 0 33 0 34 0 35 0 36 0 37 0 38 0 39 0 40 0 41 0 42 0 43 0 44 0 45 0 46 0 47 0 48 0 49 0 50 0 51 0 52 0.462 53 0.845 54 1.305 55 1.538 56 1.919 57 2.291 58 2.288 59 1.971 60 2.093 61 2.469 62 2.094 63 1.783 64 2.058 65 1.989 66 2.205 67 2.236 68 2.137 69 0 70 0 71 0 72 0 73 0 74 0 75 0 76 0 77 0 78 0 79 0 80 0 81 0 82 0 83 0 84 0 85 0 86 0 87 0 88 0 89 0 90 0 91 0 92 0 93 0 94 0 95 0 96 0 97 0 98 0 99 0 100 0 101 0 102 0 103 0 104 0 105 0 106 0 107 0 108 0 109 0 110 0 111 0 112 0 113 0 114 0 115 0 116 0 117 0 118 0 119 0 120 0 121 0 122 0 123 0 124 0 125 0 126 0 127 0 128 0 129 0 130 0 131 0 132 0 133 0 134 0 135 0 136 0 137 0 138 0 139 0 140 0 141 0 142 0 143 0 144 0 145 0 146 0 147 0 148 0 149 0 150 0 151 0 152 0 153 0 154 0 155 0 156 0 157 0 158 0 159 0 160 0 161 0 162 0 163 0 164 0 165 0 166 0 167 0 168 0 169 0 170 0 171 0 172 0 173 0 174 0 175 0 176 0 177 0 178 0 179 0 180 0 181 0 182 0 183 0 184 0 185 0 186 0 187 0 188 0 189 0 190 0 191 0 192 0 193 0 194 0 195 0 196 0 197 0 198 0.428 199 0.454 200 0.415 201 0.378 202 0.429 203 0.384 204 0.378 205 0.562 206 0.607 207 0.564 208 0.359 209 0.447 210 0.444 211 0.453 212 0.418 213 0.455 214 0.562 215 1.045 216 0.98 217 0.63 218 0.392 219 0.447 220 0.454 221 0.384 222 0.387 223 0.414 224 0 225 0 226 0 227 0 228 0 229 0 230 0 231 0 232 0 233 0 234 0 235 0 236 0 237 0 238 0 239 0 240 0 241 0 242 0 243 0 244 0 245 0 246 0 247 0 248 0 249 0 250 0 251 0 252 0 253 0 254 0 255 0 256 0 257 0 258 0 259 0 260 0 261 0 262 0 263 0 264 0 265 0 266 0 267 0 268 0 269 0 270 0 271 0 272 0 273 0 274 0 275 0 276 0 277 0 278 0 279 0 280 0 281 0 282 0 283 0 284 0 285 0 286 0 287 0 288 0 289 0 290 0 291 0 292 0 293 0 294 0 295 0 296 0 297 0 298 0 299 0 300 0 301 0 302 0 303 0 304 0 305 0 306 0 307 0 308 0 309 0 310 0 311 0 312 0 313 0 314 0 315 0 316 0 317 0 318 0 319 0 320 0 321 0 322 0 323 0 324 0 325 0 326 0 327 0 328 0 329 0 330 0 331 0 332 0 333 0 334 0 335 0 336 0 337 0 338 0 339 0 340 0 341 0 342 0 343 0 344 0 345 0 346 0 347 0 348 0 349 0 350 0 351 0 352 0 353 0 354 0 355 0 356 0 357 0 358 0 359 0 360 0 361 0 362 0 363 0 364 0 365 0 366 0 367 0 368 0 369 0 370 0 371 0 372 0 373 0 374 0 375 0 376 0 377 0 378 0 379 0 380 0 381 0 382 0 383 0 384 0 385 0 386 0 387 0 388 0 389 0 390 0 391 0 392 0 393 0 394 0 395 0 396 0 397 0 398 0 399 0 400 0 401 0 402 0 403 0 404 0 405 0 406 0 407 0 408 0 409 0 410 0 411 0 412 0 413 0 414 0 415 0 416 0 417 0 418 0 419 0 420 0 421 0 422 0 423 0 424 0 425 0 426 0 427 0 428 0 429 0 430 0 431 0 432 0 433 0 434 0 435 0 436 0 437 0 438 0 439 0 440 0 441 0 442 0 443 0 444 0 445 0 446 0 447 0 448 0 449 0 450 0 451 0 452 0 453 0 454 0 455 0 456 0 457 0 458 0 459 0 460 0 461 0 462 0 463 0 464 0 465 0 466 0 467 0 468 0 469 0 470 0 471 0 472 0 473 0 474 0 475 0 476 0 477 0 478 0 479 0 480 0 481 0 482 0 483 0 484 0 485 0 486 0'},
          {label: 'contract 3', name: 'quoted lead time = 0.5 day(s) , maximum lead time = 1 day(s), maximum revenue = 1,250', points: '1 0 2 0 3 0 4 0 5 0 6 0 7 0 8 0 9 0 10 0 11 0 12 0 13 0 14 0 15 0 16 0 17 0 18 0 19 0 20 0 21 0 22 0 23 0 24 0 25 0 26 0 27 0 28 0 29 0 30 0 31 0 32 0 33 0 34 0 35 0 36 0 37 0 38 0 39 0 40 0 41 0 42 0 43 0 44 0 45 0 46 0 47 0 48 0 49 0 50 0 51 0 52 0 53 0 54 0 55 0 56 0 57 0 58 0 59 0 60 0 61 0 62 0 63 0 64 0 65 0 66 0 67 0 68 0 69 0 70 0 71 0 72 0 73 0 74 0 75 0 76 0 77 0 78 0 79 0 80 0 81 0 82 0 83 0 84 0 85 0 86 0 87 0 88 0 89 0 90 0 91 0 92 0 93 0 94 0 95 0 96 0 97 0 98 0 99 0 100 0 101 0 102 0 103 0 104 0 105 0 106 0 107 0 108 0 109 0 110 0 111 0 112 0 113 0 114 0 115 0 116 0 117 0 118 0 119 0 120 0 121 0 122 0 123 0 124 0 125 0 126 0 127 0 128 0 129 0 130 0 131 0 132 0 133 0 134 0 135 0 136 0 137 0 138 0 139 0 140 0 141 0 142 0 143 0 144 0 145 0 146 0 147 0 148 0 149 0 150 0 151 0 152 0 153 0 154 0 155 0 156 0 157 0 158 0 159 0 160 0 161 0 162 0 163 0 164 0 165 0 166 0 167 0 168 0 169 0 170 0 171 0 172 0 173 0 174 0 175 0 176 0 177 0 178 0 179 0 180 0 181 0 182 0 183 0 184 0 185 0 186 0 187 0 188 0 189 0 190 0 191 0 192 0 193 0 194 0 195 0 196 0 197 0.63 198 0 199 0 200 0 201 0 202 0 203 0 204 0 205 0 206 0 207 0 208 0 209 0 210 0 211 0 212 0 213 0 214 0 215 0 216 0 217 0 218 0 219 0 220 0 221 0 222 0 223 0.401 224 0.44 225 0.439 226 0.367 227 0.481 228 0.337 229 0.44 230 0.43 231 0.445 232 0.408 233 0.463 234 0.658 235 0.427 236 0.383 237 0.45 238 0.385 239 0.502 240 0.392 241 0.373 242 0.426 243 0.391 244 0.553 245 0.365 246 0.407 247 0.404 248 0.401 249 0.372 250 0.438 251 0.419 252 0.422 253 0.373 254 0.347 255 0.364 256 0.408 257 0.411 258 0.379 259 0.414 260 0.38 261 0.391 262 0.423 263 0.42 264 0.372 265 0.465 266 0.433 267 0.377 268 0.359 269 0.415 270 0.412 271 0.528 272 0.374 273 0.412 274 0.439 275 0.463 276 0.381 277 0.436 278 0.364 279 0.394 280 0.405 281 0.456 282 0.386 283 0.359 284 0.475 285 0.333 286 0.428 287 0.405 288 0.396 289 0.375 290 0.436 291 0.353 292 0.421 293 0.439 294 0.393 295 0.39 296 0.373 297 0.381 298 0.375 299 0.411 300 0.378 301 0.482 302 0.386 303 0.416 304 0.378 305 0.41 306 0.643 307 0.65 308 0.596 309 0.51 310 0.341 311 0.364 312 0.438 313 0.392 314 0.469 315 0.433 316 0.399 317 0.37 318 0.401 319 0.364 320 0.429 321 0.552 322 0.491 323 0.409 324 0.486 325 0.364 326 0.406 327 0.407 328 0.466 329 0.393 330 0.452 331 0.409 332 0.357 333 0.415 334 0.454 335 0.383 336 0.395 337 0.452 338 0.347 339 0.356 340 0.394 341 0.387 342 0.44 343 0.369 344 0.423 345 0.495 346 0.436 347 0.348 348 0.456 349 0.422 350 0.375 351 0.385 352 0.435 353 0.401 354 0.4 355 0.526 356 0.422 357 0.436 358 0.401 359 0.427 360 0.444 361 0.469 362 0.397 363 0.5 364 0.432 365 0.48 366 0.349 367 0.403 368 0.407 369 0.439 370 0.421 371 0.471 372 0.454 373 0.408 374 0.37 375 0.453 376 0.463 377 0.372 378 0.362 379 0.443 380 0.432 381 0.333 382 0.384 383 0.376 384 0.438 385 0.355 386 0.418 387 0.386 388 0.383 389 0.361 390 0.376 391 0.397 392 0.343 393 0.45 394 0.398 395 0.424 396 0.365 397 0.415 398 0.426 399 0.363 400 0.439 401 0.396 402 0.636 403 0.509 404 0.421 405 0.442 406 0.368 407 0.48 408 0.373 409 0.361 410 0.35 411 0.419 412 0.48 413 0.373 414 0.389 415 0.381 416 0.415 417 0.429 418 0.349 419 0.362 420 0.392 421 0.426 422 0.443 423 0.544 424 0.486 425 0.492 426 0.429 427 0.381 428 0.423 429 0.422 430 0.553 431 0.363 432 0.435 433 0.473 434 0.368 435 0.51 436 0.577 437 0.394 438 0.502 439 0.373 440 0.374 441 0.361 442 0.436 443 0.503 444 0.39 445 0.46 446 0.45 447 0.37 448 0.465 449 0.374 450 0.367 451 0.353 452 0.38 453 0.398 454 0.394 455 0.349 456 0.373 457 0.575 458 0.421 459 0.48 460 0.359 461 0.443 462 0.437 463 0.422 464 0.404 465 0.338 466 0.458 467 0.401 468 0.385 469 0.418 470 0.417 471 0.395 472 0.372 473 0.436 474 0.498 475 0.425 476 0.399 477 0.364 478 0.415 479 0.424 480 0.374 481 0.389 482 0.452 483 0.424 484 0.403 485 0.446 486 0.469'},
        ],
        legend: "TRUE",
        hAxisLabel: 'day',
        xAxisDecimalFormat : {decimalSeparator: '.', decimalPrecision: 0, groupingSeparator: ',', groupingSize: 3},
        yAxisDecimalFormat : {decimalSeparator: '.', decimalPrecision: 2, groupingSeparator: ',', groupingSize: 3},
        width: 450, height: 300, 
        xAxisStep: 50, yAxisStep: 40, 
        onMouseWheelZoom: 1.1,
        DecimalFormat: {
          'x-data' : {decimalSeparator: '.', decimalPrecision: 0, groupingSeparator: ',', groupingSize: 3},
          'y-data' : {decimalSeparator: '.', decimalPrecision: 2, groupingSeparator: ',', groupingSize: 3}
        },
        helpText : {
           common : 'drag mouse over region of interest to zoom in plot',
           touch_common : 'Drag over the region to change the scope of the axes<br/>Pinch or spread to zoom in plot',
           touch_double_1 : '<br/>Double tap to reset plot',
           touch_double_2 : '<br/>Double tap to show plot data',
           touch_double_3 : 'Drag over the data (up and down or left and right) to scroll it<br/>Double tap to show plot',
         },
         localizeText:{
           reset : 'reset',
           data : 'data',
           chart : 'chart',
           clear : 'clear',
           zoomIn : 'zoom in',
           zoomOut : 'zoom out',
         }
      }
      var plot = Plot.create('#content_1',data);
  </script>
  </div>
</div>
</BODY> </HTML>
