http://lab.responsive.net/Littlefield/Plot?data=S1Q&x=all

<!DOCTYPE HTML>
<html>
    <meta http-equiv='Content-Type' content='text/html; charset=utf-8' />
    <meta name='viewport' content='width=device-width, initial-scale=1.0'/>
    <title>Plot</title>
    <link rel='stylesheet' type='text/css' href='/css/plot.css'/>
    <script type='text/javascript' src='/js/lib/jquery-1.6.1.min.js'></script>
    <script type='text/javascript' src='/js/testMobile.js'></script>
    <script type='text/javascript' src='/js/plot.js'></script>
    <script type='text/javascript' src='/js/download.js'></script>
    <script type='text/javascript' src='/js/FileSaver.js'></script>
</head>
<body bgcolor=#FFFFFF>
   <div align='center' style='font-family: Arial, Helvetica,  sans-serif;color:navy; position: relative;'>
  <div class='top-controls'>
    <button class='download' title="download" onclick="download('Plot of daily average number of kits queued for station 1.xls');"></button>
    <button class='reload' title="reload"onclick='document.location.reload(true);'></button>
    <button class='close' title="close"onclick='window.close();'></button>
  </div>
  Plot of daily average number of kits queued for station 1
<br/> <br/> <br/>
     <div id='content_1' class='content'>
     <script>
     var data = {
     region: {x1: 1.0, x2: 486.0, y1: 0.0, y2: 1187.0875},
     lines:[
          {label: 'data', points: '1 64.169 2 120.948 3 60.195 4 259.997 5 287.332 6 462.396 7 303.726 8 345.659 9 302.571 10 43.088 11 35.208 12 79.952 13 35.355 14 172.41 15 110.586 16 94.963 17 15.027 18 133.499 19 283.988 20 288.638 21 459.985 22 239.041 23 328.549 24 509.235 25 330.181 26 28.494 27 9.522 28 0 29 33.44 30 2.292 31 152.928 32 52.135 33 262.46 34 496.684 35 557.855 36 685.172 37 414.476 38 349.791 39 300.528 40 111.433 41 145.689 42 38.474 43 39.389 44 75.678 45 14.723 46 11.732 47 36.637 48 10.615 49 64.043 50 73.827 51 7.777 52 219.085 53 515.828 54 823.778 55 1056.527 56 1000.446 57 895.017 58 902.674 59 1187.088 60 1133.671 61 855.953 62 881.429 63 844.376 64 1002.007 65 1107.197 66 968.194 67 859.712 68 646.4 69 451.983 70 197.229 71 15.409 72 16.874 73 58.59 74 0.476 75 4.034 76 29.49 77 31.794 78 28.687 79 71.113 80 34.549 81 35.01 82 137.133 83 13.846 84 0 85 9.802 86 20.816 87 28.338 88 0 89 7.926 90 209.969 91 62.206 92 254.443 93 275.247 94 31.176 95 29.438 96 51.846 97 34.346 98 24.836 99 274.977 100 240.915 101 377.688 102 558.46 103 316.571 104 237.374 105 157.034 106 66.803 107 19.793 108 24.209 109 3.51 110 0 111 12.328 112 0 113 67.108 114 2.801 115 46.503 116 217.453 117 64.767 118 6.288 119 9.897 120 75.399 121 25.608 122 95.467 123 71.851 124 377.026 125 435.423 126 572.239 127 691.682 128 752.8 129 478.04 130 121.245 131 127.883 132 62.085 133 61.486 134 25.713 135 47.79 136 7.785 137 1.947 138 32.092 139 58.457 140 39.587 141 3.151 142 85.071 143 73.925 144 108.38 145 212.534 146 170.472 147 240.698 148 136.821 149 7.749 150 56.298 151 31.048 152 29.486 153 164.396 154 241.793 155 164.987 156 215.05 157 197.026 158 40.324 159 80.824 160 39.214 161 32.45 162 2.415 163 24.417 164 23.272 165 79.581 166 40.731 167 59.457 168 143.361 169 42.508 170 299.585 171 171.603 172 0 173 14.212 174 120.341 175 28.725 176 7.435 177 164.004 178 18.581 179 45.59 180 14.71 181 6.793 182 47.773 183 340.6 184 459.565 185 167.489 186 130.173 187 95.322 188 23.879 189 1.463 190 202.107 191 40.828 192 73.948 193 0 194 6.531 195 47.701 196 93.624 197 114.008 198 44.706 199 3.733 200 12.056 201 15.777 202 13.02 203 7.067 204 44.044 205 173.683 206 176.473 207 7.704 208 0 209 15.892 210 46.867 211 23.135 212 12.866 213 124.99 214 408.298 215 494.701 216 269.729 217 46.691 218 2.73 219 95.931 220 0 221 0 222 0 223 0.439 224 92.775 225 8.217 226 0 227 0 228 33.825 229 66.115 230 28.08 231 34.52 232 7.408 233 243.381 234 182.502 235 0 236 3.674 237 41.246 238 31.867 239 65.254 240 8.755 241 7.935 242 11.922 243 49.018 244 0 245 0 246 0 247 8.034 248 15.013 249 18.36 250 19.515 251 0 252 0 253 1.607 254 3.503 255 5.189 256 19.933 257 8.963 258 2.34 259 20.633 260 0 261 5.11 262 0 263 4.818 264 4.899 265 28.169 266 25.735 267 4.354 268 20.069 269 34.322 270 23.836 271 0 272 0 273 61.763 274 2.544 275 0.954 276 7.284 277 8.208 278 5.168 279 5.583 280 9.622 281 53.82 282 2.044 283 30.827 284 0.95 285 0 286 52.177 287 0.188 288 0.676 289 0 290 31.377 291 6.807 292 29.149 293 25.595 294 8.069 295 0 296 4.07 297 2.39 298 6.042 299 0 300 51.547 301 36.098 302 0 303 6.948 304 42.067 305 51.647 306 221.346 307 109.454 308 65.865 309 0 310 2.252 311 26.022 312 36.969 313 36.424 314 7.26 315 26.556 316 0 317 3.917 318 0 319 0 320 91.619 321 94.614 322 68.662 323 38.024 324 3.41 325 5.661 326 0 327 45.426 328 3.656 329 20.009 330 31.076 331 10.667 332 0 333 79.655 334 8.026 335 0 336 8.231 337 14.169 338 7.565 339 0 340 8.186 341 0 342 26.526 343 7.736 344 5.78 345 12.266 346 16.137 347 0.266 348 0 349 9.588 350 0 351 34.658 352 17.941 353 0 354 17.133 355 0 356 42.931 357 10.997 358 61.553 359 5.369 360 45.366 361 32.676 362 3.226 363 5.558 364 6.931 365 31.514 366 2.158 367 12.599 368 44.222 369 26.549 370 1.917 371 3.969 372 0 373 1.436 374 0 375 69.865 376 0 377 0 378 8.396 379 0 380 11.291 381 0 382 0 383 3.934 384 1.765 385 4.844 386 10.148 387 0 388 8.658 389 0.769 390 5.263 391 0 392 6.399 393 8.044 394 9.579 395 18.479 396 3.169 397 14.823 398 3.053 399 3.062 400 1.803 401 130.034 402 218.524 403 83.928 404 0 405 38.54 406 0 407 0 408 0 409 5.169 410 0 411 64.861 412 3.083 413 10.651 414 0.092 415 0 416 4.727 417 47.499 418 0 419 2.19 420 5.17 421 3.665 422 68.303 423 26.742 424 152.214 425 59.967 426 0 427 0 428 48.657 429 76.33 430 5.192 431 1.599 432 3.948 433 0 434 15.201 435 41.069 436 0 437 74.754 438 35.054 439 0.736 440 6.133 441 0 442 32.647 443 20.21 444 0.856 445 110.491 446 5.062 447 28.651 448 8.77 449 6.125 450 0 451 1.746 452 0 453 37.558 454 4.426 455 0 456 0 457 0 458 31.719 459 36.358 460 2.157 461 27.243 462 1.093 463 4.787 464 0 465 40.808 466 10.206 467 9.847 468 0 469 0 470 4.987 471 5.077 472 0 473 103.402 474 35.428 475 21.131 476 0 477 10.644 478 2.383 479 4.808 480 0 481 12.133 482 15.342 483 35.858 484 6.121 485 23.19 486 25.776'}
        ],
        legend: "FALSE",
        hAxisLabel: 'day',
        xAxisDecimalFormat : {decimalSeparator: '.', decimalPrecision: 0, groupingSeparator: ',', groupingSize: 3},
        yAxisDecimalFormat : {decimalSeparator: '.', decimalPrecision: 0, groupingSeparator: ',', groupingSize: 3},
        width: 450, height: 300, 
        xAxisStep: 50, yAxisStep: 40, 
        onMouseWheelZoom: 1.1,
        DecimalFormat: {
          'x-data' : {decimalSeparator: '.', decimalPrecision: 0, groupingSeparator: ',', groupingSize: 3},
          'y-data' : {decimalSeparator: '.', decimalPrecision: 2, groupingSeparator: ',', groupingSize: 3}
        },
        helpText : {
           common : 'drag mouse over region of interest to zoom in plot',
           touch_common : 'Drag over the region to change the scope of the axes<br/>Pinch or spread to zoom in plot',
           touch_double_1 : '<br/>Double tap to reset plot',
           touch_double_2 : '<br/>Double tap to show plot data',
           touch_double_3 : 'Drag over the data (up and down or left and right) to scroll it<br/>Double tap to show plot',
         },
         localizeText:{
           reset : 'reset',
           data : 'data',
           chart : 'chart',
           clear : 'clear',
           zoomIn : 'zoom in',
           zoomOut : 'zoom out',
         }
      }
      var plot = Plot.create('#content_1',data);
  </script>
  </div>
</div>
</BODY> </HTML>
