http://lab.responsive.net/Littlefield/Plot?data=S2Q&x=all

<!DOCTYPE HTML>
<html>
    <meta http-equiv='Content-Type' content='text/html; charset=utf-8' />
    <meta name='viewport' content='width=device-width, initial-scale=1.0'/>
    <title>Plot</title>
    <link rel='stylesheet' type='text/css' href='/css/plot.css'/>
    <script type='text/javascript' src='/js/lib/jquery-1.6.1.min.js'></script>
    <script type='text/javascript' src='/js/testMobile.js'></script>
    <script type='text/javascript' src='/js/plot.js'></script>
    <script type='text/javascript' src='/js/download.js'></script>
    <script type='text/javascript' src='/js/FileSaver.js'></script>
</head>
<body bgcolor=#FFFFFF>
   <div align='center' style='font-family: Arial, Helvetica,  sans-serif;color:navy; position: relative;'>
  <div class='top-controls'>
    <button class='download' title="download" onclick="download('Plot of daily average number of kits queued for station 2.xls');"></button>
    <button class='reload' title="reload"onclick='document.location.reload(true);'></button>
    <button class='close' title="close"onclick='window.close();'></button>
  </div>
  Plot of daily average number of kits queued for station 2
<br/> <br/> <br/>
     <div id='content_1' class='content'>
     <script>
     var data = {
     region: {x1: 1.0, x2: 486.0, y1: 0.0, y2: 54.083333333333336},
     lines:[
          {label: 'data', points: '1 1.139 2 15.585 3 3.749 4 1.56 5 2.481 6 8.185 7 19.755 8 6.188 9 4.254 10 13.441 11 5.753 12 5.654 13 4.466 14 3.328 15 3.633 16 4.79 17 3.374 18 8.183 19 9.602 20 13.838 21 8.899 22 6.931 23 5.794 24 4.816 25 4.133 26 4.153 27 18.635 28 41.265 29 2.869 30 0.103 31 4.363 32 15.31 33 0 34 14.377 35 8.384 36 15.237 37 11.608 38 2.049 39 8.579 40 9.776 41 11.103 42 0.222 43 3.552 44 16.09 45 1.212 46 3.312 47 12.569 48 20.923 49 2.37 50 8.713 51 4.178 52 1.701 53 6.42 54 14.528 55 9.642 56 0.373 57 0.853 58 16.192 59 20.05 60 0.891 61 43.567 62 16.562 63 1.009 64 11.283 65 22.038 66 16.331 67 30.54 68 54.083 69 2.915 70 8.072 71 3.116 72 0.53 73 14.889 74 1.639 75 0 76 2.528 77 4.504 78 0.143 79 7.66 80 0.867 81 14.464 82 2.649 83 17.523 84 10.447 85 0.825 86 0.654 87 0.472 88 4.221 89 1.358 90 6.005 91 7.98 92 36.815 93 3.115 94 24.115 95 1.06 96 0 97 17.733 98 1.738 99 8.503 100 9.766 101 6.103 102 4.088 103 9.803 104 8.215 105 0.217 106 27.377 107 10.006 108 0.333 109 7.135 110 5.044 111 5.64 112 1.89 113 2.99 114 1.947 115 2.245 116 10.335 117 3.919 118 11 119 0 120 4.01 121 0.724 122 14.148 123 9.216 124 5.767 125 13.226 126 8.144 127 20.392 128 43.549 129 2.842 130 0 131 6.847 132 16.061 133 6.031 134 14.154 135 17.424 136 0.374 137 0.378 138 1.387 139 1.488 140 10.478 141 0.561 142 1.723 143 6.602 144 3.681 145 5.01 146 2.796 147 4.345 148 6.022 149 8.612 150 5.699 151 29.598 152 3.15 153 9.399 154 5.411 155 12.035 156 2.619 157 25.188 158 6.561 159 2.879 160 10.216 161 19.134 162 3.71 163 33.901 164 4.072 165 2.215 166 5.119 167 13.047 168 3.141 169 22.491 170 12.133 171 11.203 172 4.639 173 5.681 174 1.426 175 0.547 176 5.062 177 8.88 178 1.994 179 8.238 180 4.001 181 0.254 182 1.985 183 23.075 184 9.934 185 12.485 186 9.875 187 0.672 188 19.524 189 4.585 190 0.304 191 4.785 192 13.676 193 0.037 194 3 195 0.802 196 10.297 197 1.162 198 1.922 199 6.497 200 3.508 201 0.186 202 1.364 203 2.045 204 0.153 205 3.607 206 3.808 207 3.656 208 2.949 209 4.722 210 4.959 211 5.497 212 3.824 213 3.899 214 3.187 215 12.095 216 8.518 217 32.933 218 5.117 219 7.44 220 0.141 221 4.244 222 6.888 223 1.867 224 13.199 225 7.419 226 0.25 227 6.41 228 1.501 229 17.13 230 4.477 231 16.95 232 2.212 233 14.399 234 15.871 235 4.813 236 3.163 237 20.478 238 2.016 239 24.048 240 4.889 241 4.585 242 6.863 243 2.778 244 2.708 245 0 246 0 247 1.128 248 13.485 249 7.336 250 19.795 251 1.531 252 2.22 253 1.463 254 0.96 255 5.499 256 0.277 257 9.424 258 6.423 259 2.475 260 3.669 261 3.998 262 0.469 263 6.216 264 3.358 265 19.105 266 8.507 267 5.016 268 6.469 269 5.101 270 2.465 271 2.19 272 0.128 273 7.763 274 3.333 275 7.383 276 5.228 277 14.525 278 6.488 279 7.524 280 2.08 281 7.258 282 3.988 283 7.451 284 3.798 285 0 286 7.238 287 5.715 288 2.897 289 3.032 290 5.188 291 0 292 6.716 293 14.208 294 2.142 295 2.358 296 2.187 297 3.874 298 8.481 299 0.149 300 1.694 301 10.65 302 1.726 303 0.94 304 8.503 305 2.253 306 21.894 307 51.677 308 10.754 309 18.14 310 2.212 311 0.912 312 3.656 313 6.904 314 19.016 315 14.463 316 1.015 317 4.503 318 1.482 319 0 320 9.484 321 23.75 322 28.114 323 1.368 324 8.419 325 5.68 326 3.07 327 0.417 328 10.787 329 6.105 330 13.756 331 6.826 332 0 333 1.069 334 16.669 335 0.199 336 4.669 337 1.986 338 2.291 339 6.39 340 2.504 341 3.733 342 4.9 343 4.365 344 2.813 345 17.976 346 2.74 347 0.374 348 2.822 349 4.555 350 0 351 1.513 352 18.235 353 3.976 354 9.397 355 32.837 356 11.36 357 11.579 358 4.982 359 0.901 360 0 361 10.817 362 2.772 363 12.316 364 0.256 365 22.44 366 5.38 367 8.523 368 13.126 369 14.613 370 0.556 371 5.895 372 2.788 373 0 374 0.866 375 2.292 376 7.187 377 2.657 378 3.341 379 4.669 380 8.492 381 0.5 382 0.025 383 3.828 384 0.236 385 0.547 386 5.947 387 0.272 388 1.572 389 5.741 390 2.801 391 1.432 392 1.649 393 28.706 394 2.025 395 3.045 396 5.756 397 7.452 398 0.931 399 1.273 400 0.7 401 12.76 402 12.978 403 14.328 404 0.581 405 16.411 406 0 407 3.134 408 0 409 3.814 410 4.607 411 7.674 412 18.166 413 0.645 414 2.484 415 3.492 416 4.667 417 8.601 418 0.076 419 4.84 420 0 421 9.625 422 19.044 423 9.401 424 21.671 425 12.026 426 6.63 427 2.224 428 6.503 429 7.369 430 3.555 431 3.646 432 4.933 433 1.492 434 2.108 435 6.677 436 26.231 437 2.313 438 15.909 439 5.224 440 5.368 441 0.486 442 0.74 443 22.861 444 1.289 445 7.367 446 9.188 447 0.344 448 5.993 449 2.54 450 2.478 451 1.635 452 0.622 453 8.309 454 10.933 455 0.147 456 0.977 457 14.749 458 10.095 459 10.045 460 0 461 16.347 462 6.192 463 2.385 464 4.244 465 3.183 466 11.933 467 4.31 468 1.531 469 0 470 12.413 471 0.791 472 0.985 473 3.158 474 9.938 475 6.982 476 2.254 477 1.357 478 8.514 479 8.902 480 0 481 0.853 482 9.616 483 8.087 484 4.842 485 8.395 486 7.158'}
        ],
        legend: "FALSE",
        hAxisLabel: 'day',
        xAxisDecimalFormat : {decimalSeparator: '.', decimalPrecision: 0, groupingSeparator: ',', groupingSize: 3},
        yAxisDecimalFormat : {decimalSeparator: '.', decimalPrecision: 0, groupingSeparator: ',', groupingSize: 3},
        width: 450, height: 300, 
        xAxisStep: 50, yAxisStep: 40, 
        onMouseWheelZoom: 1.1,
        DecimalFormat: {
          'x-data' : {decimalSeparator: '.', decimalPrecision: 0, groupingSeparator: ',', groupingSize: 3},
          'y-data' : {decimalSeparator: '.', decimalPrecision: 2, groupingSeparator: ',', groupingSize: 3}
        },
        helpText : {
           common : 'drag mouse over region of interest to zoom in plot',
           touch_common : 'Drag over the region to change the scope of the axes<br/>Pinch or spread to zoom in plot',
           touch_double_1 : '<br/>Double tap to reset plot',
           touch_double_2 : '<br/>Double tap to show plot data',
           touch_double_3 : 'Drag over the data (up and down or left and right) to scroll it<br/>Double tap to show plot',
         },
         localizeText:{
           reset : 'reset',
           data : 'data',
           chart : 'chart',
           clear : 'clear',
           zoomIn : 'zoom in',
           zoomOut : 'zoom out',
         }
      }
      var plot = Plot.create('#content_1',data);
  </script>
  </div>
</div>
</BODY> </HTML>
