http://lab.responsive.net/Littlefield/Plot?data=S3Q&x=all

<!DOCTYPE HTML>
<html>
    <meta http-equiv='Content-Type' content='text/html; charset=utf-8' />
    <meta name='viewport' content='width=device-width, initial-scale=1.0'/>
    <title>Plot</title>
    <link rel='stylesheet' type='text/css' href='/css/plot.css'/>
    <script type='text/javascript' src='/js/lib/jquery-1.6.1.min.js'></script>
    <script type='text/javascript' src='/js/testMobile.js'></script>
    <script type='text/javascript' src='/js/plot.js'></script>
    <script type='text/javascript' src='/js/download.js'></script>
    <script type='text/javascript' src='/js/FileSaver.js'></script>
</head>
<body bgcolor=#FFFFFF>
   <div align='center' style='font-family: Arial, Helvetica,  sans-serif;color:navy; position: relative;'>
  <div class='top-controls'>
    <button class='download' title="download" onclick="download('Plot of daily average number of kits queued for station 3.xls');"></button>
    <button class='reload' title="reload"onclick='document.location.reload(true);'></button>
    <button class='close' title="close"onclick='window.close();'></button>
  </div>
  Plot of daily average number of kits queued for station 3
<br/> <br/> <br/>
     <div id='content_1' class='content'>
     <script>
     var data = {
     region: {x1: 1.0, x2: 486.0, y1: 0.0, y2: 1629.6131944444444},
     lines:[
          {label: 'data', points: '1 44.467 2 46.17 3 91.381 4 28.397 5 55.899 6 76.004 7 114.147 8 189.092 9 309.457 10 131.072 11 24.065 12 78.475 13 160.702 14 93.226 15 64.222 16 341.476 17 513.73 18 794.558 19 860.403 20 906.412 21 1142.346 22 1221.228 23 1368.849 24 1424.95 25 1629.613 26 1510.934 27 1058.112 28 239.815 29 19.767 30 16.685 31 51.827 32 110.447 33 119.162 34 254.378 35 261.487 36 238.033 37 355.106 38 399.865 39 473.608 40 580.653 41 880.946 42 1100.933 43 1201.358 44 1278.101 45 1132.244 46 1001.517 47 858.644 48 279.93 49 25.544 50 77.374 51 78.185 52 29.155 53 121.49 54 209.403 55 122.843 56 152.801 57 445.012 58 478.279 59 397.084 60 552.351 61 575.347 62 228.771 63 350.787 64 480.877 65 464.463 66 517.75 67 422.39 68 314.234 69 79.903 70 70.785 71 352.34 72 406.386 73 447.674 74 63.045 75 14.597 76 27.276 77 30.176 78 31.823 79 182.98 80 216.911 81 114.442 82 163.197 83 311.163 84 71.847 85 21.33 86 17.349 87 67.469 88 171.726 89 23.236 90 106.261 91 336.833 92 85.304 93 53.26 94 36.884 95 7.582 96 12.884 97 90.594 98 44.185 99 32.274 100 95.09 101 19.128 102 126.531 103 77.894 104 311.107 105 632.379 106 774.701 107 438.903 108 495.094 109 366.967 110 423.968 111 306.215 112 21.446 113 33.265 114 83.313 115 9.001 116 48.576 117 140.241 118 85.535 119 109.018 120 112.338 121 70.377 122 114.672 123 240.89 124 340.456 125 103.449 126 124.87 127 95.972 128 180.506 129 34.286 130 314.201 131 608.754 132 305.009 133 298.114 134 237.518 135 132.447 136 16.035 137 40.117 138 20.686 139 100.501 140 164.678 141 159.973 142 7.279 143 57.002 144 313.835 145 443.392 146 666.559 147 890.263 148 961.535 149 797.68 150 805.228 151 485.86 152 121.469 153 25.334 154 66.935 155 66.299 156 276.242 157 317.681 158 409.776 159 754.669 160 1085.074 161 580.453 162 344.189 163 53.643 164 15.733 165 202.817 166 426.229 167 460.012 168 662.423 169 567.69 170 385.035 171 275.01 172 31.803 173 84.232 174 12.471 175 300.833 176 375.663 177 120.838 178 222.824 179 37.139 180 30.777 181 25.742 182 155.086 183 191.424 184 344.588 185 338.424 186 440.291 187 501.976 188 368.649 189 16.467 190 8.373 191 0.455 192 10.01 193 0 194 0.159 195 0.875 196 14.362 197 0 198 0 199 18.892 200 0 201 1.182 202 4.546 203 0 204 0 205 9.926 206 0.988 207 9.666 208 0 209 8.457 210 0 211 9.34 212 1.292 213 2.953 214 4.314 215 10.3 216 4.582 217 16.544 218 0 219 2.792 220 0 221 0 222 0 223 2.466 224 2.027 225 4.264 226 0 227 23.089 228 0 229 3.998 230 10.247 231 1.144 232 0.283 233 1.991 234 16.24 235 0 236 0 237 17.996 238 8.267 239 15.303 240 4.939 241 0 242 15.026 243 0.056 244 37.327 245 0 246 0 247 5.494 248 6.032 249 0.106 250 8.014 251 9.364 252 0.428 253 0.591 254 0 255 0 256 4.708 257 2.206 258 2.678 259 6.672 260 0 261 0.452 262 15.194 263 0 264 1.443 265 34.542 266 8.694 267 1.37 268 0 269 0 270 13.444 271 18.037 272 0 273 1.846 274 1.642 275 8.69 276 1.542 277 13.106 278 0.719 279 4.179 280 8.166 281 3.852 282 0 283 0.596 284 4.142 285 0 286 2.196 287 3.929 288 13.982 289 0.241 290 14.226 291 0 292 4.053 293 4.418 294 2.577 295 1.535 296 0.638 297 2.455 298 0.947 299 2.992 300 5.808 301 7.637 302 0 303 3.035 304 1.221 305 0 306 76.29 307 41.551 308 10.43 309 20.147 310 0 311 0.647 312 0 313 12.938 314 8.732 315 8.927 316 0 317 9.344 318 0 319 0 320 7.79 321 29.781 322 3.462 323 8.76 324 32.138 325 0 326 3.639 327 1.708 328 11.34 329 5.078 330 17.722 331 3.488 332 0 333 0.588 334 8.524 335 0 336 2.991 337 13.006 338 0 339 0 340 0 341 3.379 342 6.374 343 1.61 344 15.787 345 42.325 346 15.773 347 0.02 348 11.51 349 0.646 350 2.241 351 0.896 352 1.672 353 0 354 13.541 355 51.699 356 6.43 357 1.45 358 3.098 359 5.505 360 12.591 361 3.67 362 10.033 363 30.26 364 0 365 14.281 366 0 367 9.121 368 2.953 369 6.805 370 14.665 371 14.131 372 8.838 373 3.742 374 0.974 375 26.15 376 4.728 377 0.287 378 4.723 379 12.981 380 15.3 381 0 382 1.81 383 2.423 384 1.176 385 0 386 5.235 387 2.69 388 0 389 2.188 390 0.937 391 3.609 392 0 393 17.704 394 3.16 395 5.062 396 0 397 4.191 398 0 399 0.162 400 11.428 401 3.337 402 2.774 403 3.312 404 4.442 405 2.548 406 0 407 11.967 408 0 409 0.502 410 1.754 411 15.8 412 18.299 413 2.103 414 0.287 415 1.219 416 6.293 417 1.067 418 0 419 0 420 0 421 17.644 422 14.783 423 61.89 424 9.313 425 0.267 426 0 427 0 428 0.088 429 10.776 430 26.716 431 1.169 432 17.676 433 17.074 434 0 435 112.61 436 32.149 437 4.95 438 5.076 439 0 440 0.06 441 0 442 6.545 443 38.178 444 3.438 445 3.085 446 4.174 447 1.175 448 11.485 449 0.355 450 0 451 0 452 0.531 453 5.741 454 4.278 455 0 456 0 457 62.881 458 9.574 459 19.531 460 0 461 25.842 462 5.026 463 12.349 464 0 465 0 466 11.957 467 0.049 468 1.696 469 1.407 470 14.414 471 2.392 472 4.433 473 11.561 474 7.26 475 1.464 476 1.564 477 2.062 478 0 479 5.873 480 0 481 3.542 482 10.058 483 11.337 484 3.385 485 12.381 486 8.314'}
        ],
        legend: "FALSE",
        hAxisLabel: 'day',
        xAxisDecimalFormat : {decimalSeparator: '.', decimalPrecision: 0, groupingSeparator: ',', groupingSize: 3},
        yAxisDecimalFormat : {decimalSeparator: '.', decimalPrecision: 0, groupingSeparator: ',', groupingSize: 3},
        width: 450, height: 300, 
        xAxisStep: 50, yAxisStep: 40, 
        onMouseWheelZoom: 1.1,
        DecimalFormat: {
          'x-data' : {decimalSeparator: '.', decimalPrecision: 0, groupingSeparator: ',', groupingSize: 3},
          'y-data' : {decimalSeparator: '.', decimalPrecision: 2, groupingSeparator: ',', groupingSize: 3}
        },
        helpText : {
           common : 'drag mouse over region of interest to zoom in plot',
           touch_common : 'Drag over the region to change the scope of the axes<br/>Pinch or spread to zoom in plot',
           touch_double_1 : '<br/>Double tap to reset plot',
           touch_double_2 : '<br/>Double tap to show plot data',
           touch_double_3 : 'Drag over the data (up and down or left and right) to scroll it<br/>Double tap to show plot',
         },
         localizeText:{
           reset : 'reset',
           data : 'data',
           chart : 'chart',
           clear : 'clear',
           zoomIn : 'zoom in',
           zoomOut : 'zoom out',
         }
      }
      var plot = Plot.create('#content_1',data);
  </script>
  </div>
</div>
</BODY> </HTML>
