http://lab.responsive.net/Littlefield/Plot?data=JOBREV&x=all

<!DOCTYPE HTML>
<html>
    <meta http-equiv='Content-Type' content='text/html; charset=utf-8' />
    <meta name='viewport' content='width=device-width, initial-scale=1.0'/>
    <title>Plot</title>
    <link rel='stylesheet' type='text/css' href='/css/plot.css'/>
    <script type='text/javascript' src='/js/lib/jquery-1.6.1.min.js'></script>
    <script type='text/javascript' src='/js/testMobile.js'></script>
    <script type='text/javascript' src='/js/plot.js'></script>
    <script type='text/javascript' src='/js/download.js'></script>
    <script type='text/javascript' src='/js/FileSaver.js'></script>
</head>
<body bgcolor=#FFFFFF>
   <div align='center' style='font-family: Arial, Helvetica,  sans-serif;color:navy; position: relative;'>
  <div class='top-controls'>
    <button class='download' title="download" onclick="download('Plot of daily average revenue per job.xls');"></button>
    <button class='reload' title="reload"onclick='document.location.reload(true);'></button>
    <button class='close' title="close"onclick='window.close();'></button>
  </div>
  Plot of daily average revenue per job
<br/> <br/> <br/>
     <div id='content_1' class='content'>
     <script>
     var data = {
     region: {x1: 1.0, x2: 486.0, y1: 0.0, y2: 1250.0},
     lines:[
          {label: 'contract 1', name: 'quoted lead time = 7 day(s) , maximum lead time = 14 day(s), maximum revenue = 750', points: '1 750 2 750 3 750 4 750 5 750 6 750 7 750 8 750 9 750 10 750 11 750 12 750 13 750 14 750 15 750 16 750 17 750 18 750 19 750 20 750 21 750 22 750 23 750 24 750 25 750 26 750 27 750 28 750 29 750 30 750 31 750 32 750 33 750 34 750 35 750 36 750 37 750 38 750 39 750 40 750 41 750 42 750 43 750 44 750 45 750 46 750 47 750 48 750 49 750 50 750 51 750 52 750 53 0 54 0 55 0 56 0 57 0 58 0 59 0 60 0 61 0 62 0 63 0 64 0 65 0 66 0 67 0 68 750 69 750 70 750 71 750 72 750 73 750 74 750 75 750 76 750 77 750 78 750 79 750 80 750 81 750 82 750 83 750 84 750 85 750 86 750 87 750 88 750 89 750 90 750 91 750 92 750 93 750 94 750 95 750 96 750 97 750 98 750 99 750 100 750 101 750 102 750 103 750 104 750 105 750 106 750 107 750 108 750 109 750 110 750 111 750 112 750 113 750 114 750 115 750 116 750 117 750 118 750 119 750 120 750 121 750 122 750 123 750 124 750 125 750 126 750 127 750 128 750 129 750 130 750 131 750 132 750 133 750 134 750 135 750 136 750 137 750 138 750 139 750 140 750 141 750 142 750 143 750 144 750 145 750 146 750 147 750 148 750 149 750 150 750 151 750 152 750 153 750 154 750 155 750 156 750 157 750 158 750 159 750 160 750 161 750 162 750 163 750 164 750 165 750 166 750 167 750 168 750 169 750 170 750 171 750 172 750 173 750 174 750 175 750 176 750 177 750 178 750 179 750 180 750 181 750 182 750 183 750 184 750 185 750 186 750 187 750 188 750 189 750 190 750 191 750 192 750 193 750 194 750 195 750 196 750 197 750 198 0 199 0 200 0 201 0 202 0 203 0 204 0 205 0 206 0 207 0 208 0 209 0 210 0 211 0 212 0 213 0 214 0 215 0 216 0 217 0 218 0 219 0 220 0 221 0 222 0 223 0 224 0 225 0 226 0 227 0 228 0 229 0 230 0 231 0 232 0 233 0 234 0 235 0 236 0 237 0 238 0 239 0 240 0 241 0 242 0 243 0 244 0 245 0 246 0 247 0 248 0 249 0 250 0 251 0 252 0 253 0 254 0 255 0 256 0 257 0 258 0 259 0 260 0 261 0 262 0 263 0 264 0 265 0 266 0 267 0 268 0 269 0 270 0 271 0 272 0 273 0 274 0 275 0 276 0 277 0 278 0 279 0 280 0 281 0 282 0 283 0 284 0 285 0 286 0 287 0 288 0 289 0 290 0 291 0 292 0 293 0 294 0 295 0 296 0 297 0 298 0 299 0 300 0 301 0 302 0 303 0 304 0 305 0 306 0 307 0 308 0 309 0 310 0 311 0 312 0 313 0 314 0 315 0 316 0 317 0 318 0 319 0 320 0 321 0 322 0 323 0 324 0 325 0 326 0 327 0 328 0 329 0 330 0 331 0 332 0 333 0 334 0 335 0 336 0 337 0 338 0 339 0 340 0 341 0 342 0 343 0 344 0 345 0 346 0 347 0 348 0 349 0 350 0 351 0 352 0 353 0 354 0 355 0 356 0 357 0 358 0 359 0 360 0 361 0 362 0 363 0 364 0 365 0 366 0 367 0 368 0 369 0 370 0 371 0 372 0 373 0 374 0 375 0 376 0 377 0 378 0 379 0 380 0 381 0 382 0 383 0 384 0 385 0 386 0 387 0 388 0 389 0 390 0 391 0 392 0 393 0 394 0 395 0 396 0 397 0 398 0 399 0 400 0 401 0 402 0 403 0 404 0 405 0 406 0 407 0 408 0 409 0 410 0 411 0 412 0 413 0 414 0 415 0 416 0 417 0 418 0 419 0 420 0 421 0 422 0 423 0 424 0 425 0 426 0 427 0 428 0 429 0 430 0 431 0 432 0 433 0 434 0 435 0 436 0 437 0 438 0 439 0 440 0 441 0 442 0 443 0 444 0 445 0 446 0 447 0 448 0 449 0 450 0 451 0 452 0 453 0 454 0 455 0 456 0 457 0 458 0 459 0 460 0 461 0 462 0 463 0 464 0 465 0 466 0 467 0 468 0 469 0 470 0 471 0 472 0 473 0 474 0 475 0 476 0 477 0 478 0 479 0 480 0 481 0 482 0 483 0 484 0 485 0 486 0'},
          {label: 'contract 2', name: 'quoted lead time = 1 day(s) , maximum lead time = 2 day(s), maximum revenue = 1,000', points: '1 0 2 0 3 0 4 0 5 0 6 0 7 0 8 0 9 0 10 0 11 0 12 0 13 0 14 0 15 0 16 0 17 0 18 0 19 0 20 0 21 0 22 0 23 0 24 0 25 0 26 0 27 0 28 0 29 0 30 0 31 0 32 0 33 0 34 0 35 0 36 0 37 0 38 0 39 0 40 0 41 0 42 0 43 0 44 0 45 0 46 0 47 0 48 0 49 0 50 0 51 0 52 1000 53 983.442 54 694.949 55 461.965 56 120.334 57 0 58 0 59 92.918 60 103.359 61 0 62 40.421 63 216.654 64 25.3 65 39.242 66 2.886 67 0 68 86.591 69 0 70 0 71 0 72 0 73 0 74 0 75 0 76 0 77 0 78 0 79 0 80 0 81 0 82 0 83 0 84 0 85 0 86 0 87 0 88 0 89 0 90 0 91 0 92 0 93 0 94 0 95 0 96 0 97 0 98 0 99 0 100 0 101 0 102 0 103 0 104 0 105 0 106 0 107 0 108 0 109 0 110 0 111 0 112 0 113 0 114 0 115 0 116 0 117 0 118 0 119 0 120 0 121 0 122 0 123 0 124 0 125 0 126 0 127 0 128 0 129 0 130 0 131 0 132 0 133 0 134 0 135 0 136 0 137 0 138 0 139 0 140 0 141 0 142 0 143 0 144 0 145 0 146 0 147 0 148 0 149 0 150 0 151 0 152 0 153 0 154 0 155 0 156 0 157 0 158 0 159 0 160 0 161 0 162 0 163 0 164 0 165 0 166 0 167 0 168 0 169 0 170 0 171 0 172 0 173 0 174 0 175 0 176 0 177 0 178 0 179 0 180 0 181 0 182 0 183 0 184 0 185 0 186 0 187 0 188 0 189 0 190 0 191 0 192 0 193 0 194 0 195 0 196 0 197 0 198 1000 199 1000 200 1000 201 1000 202 1000 203 1000 204 1000 205 1000 206 1000 207 1000 208 1000 209 1000 210 1000 211 1000 212 1000 213 1000 214 1000 215 908.702 216 910.897 217 987.84 218 1000 219 1000 220 1000 221 1000 222 1000 223 1000 224 0 225 0 226 0 227 0 228 0 229 0 230 0 231 0 232 0 233 0 234 0 235 0 236 0 237 0 238 0 239 0 240 0 241 0 242 0 243 0 244 0 245 0 246 0 247 0 248 0 249 0 250 0 251 0 252 0 253 0 254 0 255 0 256 0 257 0 258 0 259 0 260 0 261 0 262 0 263 0 264 0 265 0 266 0 267 0 268 0 269 0 270 0 271 0 272 0 273 0 274 0 275 0 276 0 277 0 278 0 279 0 280 0 281 0 282 0 283 0 284 0 285 0 286 0 287 0 288 0 289 0 290 0 291 0 292 0 293 0 294 0 295 0 296 0 297 0 298 0 299 0 300 0 301 0 302 0 303 0 304 0 305 0 306 0 307 0 308 0 309 0 310 0 311 0 312 0 313 0 314 0 315 0 316 0 317 0 318 0 319 0 320 0 321 0 322 0 323 0 324 0 325 0 326 0 327 0 328 0 329 0 330 0 331 0 332 0 333 0 334 0 335 0 336 0 337 0 338 0 339 0 340 0 341 0 342 0 343 0 344 0 345 0 346 0 347 0 348 0 349 0 350 0 351 0 352 0 353 0 354 0 355 0 356 0 357 0 358 0 359 0 360 0 361 0 362 0 363 0 364 0 365 0 366 0 367 0 368 0 369 0 370 0 371 0 372 0 373 0 374 0 375 0 376 0 377 0 378 0 379 0 380 0 381 0 382 0 383 0 384 0 385 0 386 0 387 0 388 0 389 0 390 0 391 0 392 0 393 0 394 0 395 0 396 0 397 0 398 0 399 0 400 0 401 0 402 0 403 0 404 0 405 0 406 0 407 0 408 0 409 0 410 0 411 0 412 0 413 0 414 0 415 0 416 0 417 0 418 0 419 0 420 0 421 0 422 0 423 0 424 0 425 0 426 0 427 0 428 0 429 0 430 0 431 0 432 0 433 0 434 0 435 0 436 0 437 0 438 0 439 0 440 0 441 0 442 0 443 0 444 0 445 0 446 0 447 0 448 0 449 0 450 0 451 0 452 0 453 0 454 0 455 0 456 0 457 0 458 0 459 0 460 0 461 0 462 0 463 0 464 0 465 0 466 0 467 0 468 0 469 0 470 0 471 0 472 0 473 0 474 0 475 0 476 0 477 0 478 0 479 0 480 0 481 0 482 0 483 0 484 0 485 0 486 0'},
          {label: 'contract 3', name: 'quoted lead time = 0.5 day(s) , maximum lead time = 1 day(s), maximum revenue = 1,250', points: '1 0 2 0 3 0 4 0 5 0 6 0 7 0 8 0 9 0 10 0 11 0 12 0 13 0 14 0 15 0 16 0 17 0 18 0 19 0 20 0 21 0 22 0 23 0 24 0 25 0 26 0 27 0 28 0 29 0 30 0 31 0 32 0 33 0 34 0 35 0 36 0 37 0 38 0 39 0 40 0 41 0 42 0 43 0 44 0 45 0 46 0 47 0 48 0 49 0 50 0 51 0 52 0 53 0 54 0 55 0 56 0 57 0 58 0 59 0 60 0 61 0 62 0 63 0 64 0 65 0 66 0 67 0 68 0 69 0 70 0 71 0 72 0 73 0 74 0 75 0 76 0 77 0 78 0 79 0 80 0 81 0 82 0 83 0 84 0 85 0 86 0 87 0 88 0 89 0 90 0 91 0 92 0 93 0 94 0 95 0 96 0 97 0 98 0 99 0 100 0 101 0 102 0 103 0 104 0 105 0 106 0 107 0 108 0 109 0 110 0 111 0 112 0 113 0 114 0 115 0 116 0 117 0 118 0 119 0 120 0 121 0 122 0 123 0 124 0 125 0 126 0 127 0 128 0 129 0 130 0 131 0 132 0 133 0 134 0 135 0 136 0 137 0 138 0 139 0 140 0 141 0 142 0 143 0 144 0 145 0 146 0 147 0 148 0 149 0 150 0 151 0 152 0 153 0 154 0 155 0 156 0 157 0 158 0 159 0 160 0 161 0 162 0 163 0 164 0 165 0 166 0 167 0 168 0 169 0 170 0 171 0 172 0 173 0 174 0 175 0 176 0 177 0 178 0 179 0 180 0 181 0 182 0 183 0 184 0 185 0 186 0 187 0 188 0 189 0 190 0 191 0 192 0 193 0 194 0 195 0 196 0 197 926.013 198 0 199 0 200 0 201 0 202 0 203 0 204 0 205 0 206 0 207 0 208 0 209 0 210 0 211 0 212 0 213 0 214 0 215 0 216 0 217 0 218 0 219 0 220 0 221 0 222 0 223 1193.605 224 1236.861 225 1195.434 226 1212.016 227 1163.394 228 1250 229 1233.456 230 1187.174 231 1177.838 232 1250 233 1183.091 234 855.163 235 1197.251 236 1248.739 237 1228.32 238 1250 239 1137.03 240 1249.797 241 1250 242 1204.2 243 1250 244 1047.73 245 1250 246 1233.763 247 1244.19 248 1238.486 249 1250 250 1208.659 251 1239.928 252 1202.984 253 1241.774 254 1250 255 1250 256 1231.774 257 1238.017 258 1250 259 1246.377 260 1231.194 261 1195.476 262 1236.433 263 1215.212 264 1250 265 1188.162 266 1202.278 267 1250 268 1250 269 1240.034 270 1204.834 271 1057.896 272 1250 273 1240.055 274 1172.554 275 1123.023 276 1250 277 1218.837 278 1250 279 1219.09 280 1250 281 1193.977 282 1231.272 283 1250 284 1179.43 285 1250 286 1248.001 287 1210.651 288 1230.999 289 1248.286 290 1185.49 291 1250 292 1227.559 293 1201.059 294 1225.247 295 1245.584 296 1250 297 1241.71 298 1250 299 1226.968 300 1244.571 301 1183.747 302 1244.077 303 1186.241 304 1250 305 1246.23 306 845.172 307 867.356 308 973.778 309 1095.949 310 1250 311 1246.812 312 1205.206 313 1242.283 314 1211.972 315 1218.19 316 1250 317 1250 318 1248.594 319 1250 320 1219.782 321 1065.927 322 1162.321 323 1216.054 324 1158.389 325 1250 326 1206.777 327 1161.664 328 1177.861 329 1249.905 330 1214.098 331 1228.696 332 1250 333 1243.098 334 1194.744 335 1250 336 1246.528 337 1154.876 338 1250 339 1250 340 1244.221 341 1250 342 1165.201 343 1250 344 1212.938 345 1127.54 346 1229.506 347 1250 348 1184.98 349 1236.606 350 1248.158 351 1245.755 352 1243.939 353 1250 354 1248.026 355 1119.377 356 1241.788 357 1186.382 358 1248.432 359 1200.253 360 1184.262 361 1159.165 362 1225.728 363 1134.222 364 1180.724 365 1164.091 366 1243.719 367 1239.815 368 1232.653 369 1218.623 370 1187.215 371 1179.743 372 1179.919 373 1250 374 1232.824 375 1175.336 376 1147.009 377 1208.297 378 1250 379 1201.758 380 1223.965 381 1250 382 1250 383 1218.453 384 1169.578 385 1250 386 1231.13 387 1197.725 388 1237.442 389 1250 390 1244.384 391 1248.056 392 1250 393 1190.79 394 1230.666 395 1222.862 396 1246.684 397 1217.553 398 1193.837 399 1250 400 1200.007 401 1232.215 402 885.187 403 1166.879 404 1198.785 405 1238.366 406 1250 407 1142.155 408 1237.844 409 1250 410 1250 411 1248.495 412 1155.115 413 1250 414 1233.026 415 1216.474 416 1190.57 417 1241.509 418 1250 419 1250 420 1213.72 421 1238.651 422 1186.734 423 1044.564 424 1185.471 425 1134.469 426 1236.048 427 1235.379 428 1242.718 429 1248.735 430 1061.116 431 1244.629 432 1189.959 433 1191.745 434 1250 435 1113.447 436 965.266 437 1246.219 438 1157.901 439 1250 440 1237.286 441 1250 442 1195.865 443 1120.812 444 1224.682 445 1175.414 446 1164.085 447 1249.984 448 1194.595 449 1238.949 450 1250 451 1250 452 1250 453 1240.201 454 1246.009 455 1250 456 1215.707 457 995.754 458 1201.18 459 1204.57 460 1250 461 1226.407 462 1209.515 463 1163.49 464 1250 465 1250 466 1205.097 467 1245.909 468 1250 469 1174.374 470 1249.411 471 1250 472 1250 473 1201.815 474 1121.204 475 1243.657 476 1188.69 477 1245.434 478 1209.108 479 1219.579 480 1204.456 481 1221.412 482 1222.801 483 1191.244 484 1224.684 485 1194.117 486 1198.924'},
        ],
        legend: "TRUE",
        hAxisLabel: 'day',
        xAxisDecimalFormat : {decimalSeparator: '.', decimalPrecision: 0, groupingSeparator: ',', groupingSize: 3},
        yAxisDecimalFormat : {decimalSeparator: '.', decimalPrecision: 0, groupingSeparator: ',', groupingSize: 3},
        width: 450, height: 300, 
        xAxisStep: 50, yAxisStep: 40, 
        onMouseWheelZoom: 1.1,
        DecimalFormat: {
          'x-data' : {decimalSeparator: '.', decimalPrecision: 0, groupingSeparator: ',', groupingSize: 3},
          'y-data' : {decimalSeparator: '.', decimalPrecision: 2, groupingSeparator: ',', groupingSize: 3}
        },
        helpText : {
           common : 'drag mouse over region of interest to zoom in plot',
           touch_common : 'Drag over the region to change the scope of the axes<br/>Pinch or spread to zoom in plot',
           touch_double_1 : '<br/>Double tap to reset plot',
           touch_double_2 : '<br/>Double tap to show plot data',
           touch_double_3 : 'Drag over the data (up and down or left and right) to scroll it<br/>Double tap to show plot',
         },
         localizeText:{
           reset : 'reset',
           data : 'data',
           chart : 'chart',
           clear : 'clear',
           zoomIn : 'zoom in',
           zoomOut : 'zoom out',
         }
      }
      var plot = Plot.create('#content_1',data);
  </script>
  </div>
</div>
</BODY> </HTML>
