http://lab.responsive.net/Littlefield/Plot?data=S1UTIL&x=all

<!DOCTYPE HTML>
<html>
    <meta http-equiv='Content-Type' content='text/html; charset=utf-8' />
    <meta name='viewport' content='width=device-width, initial-scale=1.0'/>
    <title>Plot</title>
    <link rel='stylesheet' type='text/css' href='/css/plot.css'/>
    <script type='text/javascript' src='/js/lib/jquery-1.6.1.min.js'></script>
    <script type='text/javascript' src='/js/testMobile.js'></script>
    <script type='text/javascript' src='/js/plot.js'></script>
    <script type='text/javascript' src='/js/download.js'></script>
    <script type='text/javascript' src='/js/FileSaver.js'></script>
</head>
<body bgcolor=#FFFFFF>
   <div align='center' style='font-family: Arial, Helvetica,  sans-serif;color:navy; position: relative;'>
  <div class='top-controls'>
    <button class='download' title="download" onclick="download('Plot of utilization of station 1, averaged over each day.xls');"></button>
    <button class='reload' title="reload"onclick='document.location.reload(true);'></button>
    <button class='close' title="close"onclick='window.close();'></button>
  </div>
  Plot of utilization of station 1, averaged over each day
<br/> <br/> <br/>
     <div id='content_1' class='content'>
     <script>
     var data = {
     region: {x1: 1.0, x2: 486.0, y1: 0.0, y2: 1.0},
     lines:[
          {label: 'data', points: '1 0.774 2 0.986 3 0.866 4 0.909 5 1 6 1 7 1 8 1 9 1 10 0.741 11 0.695 12 0.858 13 0.806 14 1 15 1 16 0.999 17 0.866 18 1 19 1 20 1 21 1 22 1 23 1 24 1 25 0.991 26 0.615 27 0.535 28 0.623 29 0.788 30 0.502 31 0.976 32 0.946 33 1 34 1 35 1 36 1 37 1 38 1 39 1 40 0.967 41 1 42 0.866 43 0.848 44 0.964 45 0.6 46 0.831 47 0.867 48 0.637 49 0.852 50 0.861 51 0.505 52 0.908 53 1 54 1 55 1 56 1 57 1 58 1 59 1 60 1 61 1 62 1 63 1 64 1 65 1 66 1 67 1 68 1 69 1 70 0.993 71 0.849 72 0.763 73 0.72 74 0.507 75 0.634 76 0.886 77 0.631 78 0.803 79 0.807 80 0.919 81 0.762 82 1 83 0.877 84 0.693 85 0.619 86 0.722 87 0.868 88 0.628 89 0.589 90 1 91 0.963 92 1 93 1 94 0.856 95 0.906 96 0.666 97 0.81 98 0.856 99 1 100 1 101 1 102 1 103 1 104 1 105 1 106 0.994 107 0.833 108 0.836 109 0.641 110 0.665 111 0.757 112 0.393 113 0.954 114 0.616 115 0.558 116 1 117 0.788 118 0.742 119 0.768 120 0.882 121 0.759 122 0.972 123 0.898 124 1 125 1 126 1 127 1 128 1 129 1 130 1 131 0.891 132 0.884 133 1 134 0.858 135 0.925 136 0.615 137 0.67 138 0.794 139 0.865 140 0.899 141 0.445 142 0.82 143 1 144 0.878 145 1 146 1 147 1 148 0.965 149 0.89 150 0.948 151 0.86 152 0.82 153 1 154 1 155 1 156 1 157 1 158 0.961 159 0.987 160 0.73 161 0.815 162 0.775 163 0.591 164 0.87 165 1 166 0.908 167 0.94 168 0.975 169 0.913 170 1 171 0.95 172 0.436 173 0.866 174 1 175 0.881 176 0.604 177 1 178 0.743 179 0.892 180 0.836 181 0.651 182 0.796 183 1 184 1 185 0.978 186 0.972 187 0.964 188 0.569 189 0.604 190 0.982 191 0.732 192 0.935 193 0.524 194 0.719 195 0.886 196 0.95 197 0.876 198 0.861 199 0.817 200 0.703 201 0.556 202 0.625 203 0.558 204 0.86 205 1 206 1 207 0.635 208 0.673 209 0.75 210 0.822 211 0.87 212 0.823 213 0.939 214 1 215 1 216 1 217 0.996 218 0.456 219 0.839 220 0.51 221 0.576 222 0.546 223 0.387 224 0.997 225 0.563 226 0.321 227 0.491 228 0.639 229 0.96 230 0.654 231 0.684 232 0.631 233 0.987 234 0.988 235 0.541 236 0.697 237 0.813 238 0.77 239 0.968 240 0.787 241 0.551 242 0.544 243 0.745 244 0.478 245 0.442 246 0.43 247 0.401 248 0.946 249 0.863 250 0.778 251 0.618 252 0.454 253 0.681 254 0.714 255 0.67 256 0.6 257 0.621 258 0.408 259 0.773 260 0.54 261 0.481 262 0.554 263 0.626 264 0.638 265 0.903 266 0.734 267 0.857 268 0.678 269 0.835 270 0.799 271 0.297 272 0.548 273 0.967 274 0.596 275 0.534 276 0.571 277 0.739 278 0.65 279 0.656 280 0.593 281 0.8 282 0.579 283 0.774 284 0.428 285 0.271 286 0.944 287 0.611 288 0.501 289 0.595 290 0.718 291 0.429 292 0.767 293 0.781 294 0.487 295 0.457 296 0.595 297 0.591 298 0.652 299 0.416 300 0.959 301 0.765 302 0.555 303 0.52 304 0.843 305 0.678 306 0.982 307 0.976 308 0.741 309 0.504 310 0.604 311 0.694 312 0.527 313 0.816 314 0.541 315 0.784 316 0.348 317 0.668 318 0.523 319 0.362 320 0.908 321 0.97 322 0.92 323 0.826 324 0.61 325 0.57 326 0.566 327 0.7 328 0.707 329 0.716 330 0.867 331 0.713 332 0.562 333 0.852 334 0.596 335 0.371 336 0.587 337 0.582 338 0.609 339 0.602 340 0.635 341 0.33 342 0.589 343 0.665 344 0.727 345 0.83 346 0.785 347 0.653 348 0.48 349 0.642 350 0.406 351 0.78 352 0.82 353 0.351 354 0.664 355 0.546 356 0.83 357 0.563 358 0.778 359 0.607 360 0.523 361 0.821 362 0.713 363 0.483 364 0.456 365 0.656 366 0.792 367 0.704 368 0.923 369 0.739 370 0.462 371 0.653 372 0.47 373 0.355 374 0.457 375 0.903 376 0.407 377 0.465 378 0.696 379 0.491 380 0.777 381 0.221 382 0.585 383 0.63 384 0.453 385 0.427 386 0.719 387 0.6 388 0.562 389 0.64 390 0.762 391 0.421 392 0.542 393 0.75 394 0.575 395 0.666 396 0.723 397 0.551 398 0.335 399 0.405 400 0.412 401 0.882 402 1 403 0.888 404 0.488 405 0.879 406 0.416 407 0.379 408 0.415 409 0.777 410 0.659 411 0.882 412 0.764 413 0.755 414 0.633 415 0.396 416 0.639 417 0.805 418 0.506 419 0.67 420 0.415 421 0.619 422 0.917 423 0.762 424 1 425 0.888 426 0.583 427 0.378 428 0.849 429 0.798 430 0.633 431 0.497 432 0.586 433 0.527 434 0.704 435 0.944 436 0.433 437 0.91 438 0.72 439 0.511 440 0.624 441 0.415 442 0.66 443 0.806 444 0.405 445 0.964 446 0.591 447 0.676 448 0.704 449 0.634 450 0.31 451 0.542 452 0.401 453 0.922 454 0.717 455 0.398 456 0.467 457 0.583 458 0.895 459 0.759 460 0.475 461 0.767 462 0.498 463 0.609 464 0.397 465 0.563 466 0.666 467 0.52 468 0.559 469 0.439 470 0.667 471 0.576 472 0.495 473 0.873 474 0.718 475 0.73 476 0.437 477 0.705 478 0.711 479 0.595 480 0.475 481 0.599 482 0.608 483 0.836 484 0.555 485 0.653 486 0.477'}
        ],
        legend: "FALSE",
        hAxisLabel: 'day',
        xAxisDecimalFormat : {decimalSeparator: '.', decimalPrecision: 0, groupingSeparator: ',', groupingSize: 3},
        yAxisDecimalFormat : {decimalSeparator: '.', decimalPrecision: 2, groupingSeparator: ',', groupingSize: 3},
        width: 450, height: 300, 
        xAxisStep: 50, yAxisStep: 40, 
        onMouseWheelZoom: 1.1,
        DecimalFormat: {
          'x-data' : {decimalSeparator: '.', decimalPrecision: 0, groupingSeparator: ',', groupingSize: 3},
          'y-data' : {decimalSeparator: '.', decimalPrecision: 2, groupingSeparator: ',', groupingSize: 3}
        },
        helpText : {
           common : 'drag mouse over region of interest to zoom in plot',
           touch_common : 'Drag over the region to change the scope of the axes<br/>Pinch or spread to zoom in plot',
           touch_double_1 : '<br/>Double tap to reset plot',
           touch_double_2 : '<br/>Double tap to show plot data',
           touch_double_3 : 'Drag over the data (up and down or left and right) to scroll it<br/>Double tap to show plot',
         },
         localizeText:{
           reset : 'reset',
           data : 'data',
           chart : 'chart',
           clear : 'clear',
           zoomIn : 'zoom in',
           zoomOut : 'zoom out',
         }
      }
      var plot = Plot.create('#content_1',data);
  </script>
  </div>
</div>
</BODY> </HTML>
