http://lab.responsive.net/Littlefield/Plot?data=S2UTIL&x=all

<!DOCTYPE HTML>
<html>
    <meta http-equiv='Content-Type' content='text/html; charset=utf-8' />
    <meta name='viewport' content='width=device-width, initial-scale=1.0'/>
    <title>Plot</title>
    <link rel='stylesheet' type='text/css' href='/css/plot.css'/>
    <script type='text/javascript' src='/js/lib/jquery-1.6.1.min.js'></script>
    <script type='text/javascript' src='/js/testMobile.js'></script>
    <script type='text/javascript' src='/js/plot.js'></script>
    <script type='text/javascript' src='/js/download.js'></script>
    <script type='text/javascript' src='/js/FileSaver.js'></script>
</head>
<body bgcolor=#FFFFFF>
   <div align='center' style='font-family: Arial, Helvetica,  sans-serif;color:navy; position: relative;'>
  <div class='top-controls'>
    <button class='download' title="download" onclick="download('Plot of utilization of station 2, averaged over each day.xls');"></button>
    <button class='reload' title="reload"onclick='document.location.reload(true);'></button>
    <button class='close' title="close"onclick='window.close();'></button>
  </div>
  Plot of utilization of station 2, averaged over each day
<br/> <br/> <br/>
     <div id='content_1' class='content'>
     <script>
     var data = {
     region: {x1: 1.0, x2: 486.0, y1: 0.0, y2: 0.8247569444444445},
     lines:[
          {label: 'data', points: '1 0.308 2 0.546 3 0.413 4 0.524 5 0.486 6 0.546 7 0.487 8 0.462 9 0.564 10 0.618 11 0.267 12 0.436 13 0.439 14 0.541 15 0.491 16 0.402 17 0.374 18 0.455 19 0.538 20 0.473 21 0.401 22 0.515 23 0.473 24 0.485 25 0.503 26 0.392 27 0.714 28 0.657 29 0.398 30 0.242 31 0.456 32 0.596 33 0.383 34 0.584 35 0.553 36 0.508 37 0.523 38 0.454 39 0.504 40 0.346 41 0.498 42 0.365 43 0.397 44 0.544 45 0.454 46 0.486 47 0.55 48 0.735 49 0.367 50 0.448 51 0.423 52 0.373 53 0.464 54 0.577 55 0.504 56 0.388 57 0.488 58 0.496 59 0.681 60 0.3 61 0.703 62 0.639 63 0.422 64 0.55 65 0.459 66 0.519 67 0.519 68 0.825 69 0.566 70 0.473 71 0.359 72 0.302 73 0.578 74 0.421 75 0.298 76 0.442 77 0.441 78 0.276 79 0.466 80 0.366 81 0.513 82 0.494 83 0.504 84 0.48 85 0.294 86 0.379 87 0.421 88 0.339 89 0.363 90 0.369 91 0.508 92 0.704 93 0.464 94 0.587 95 0.465 96 0.289 97 0.539 98 0.361 99 0.582 100 0.541 101 0.528 102 0.487 103 0.47 104 0.486 105 0.302 106 0.615 107 0.652 108 0.34 109 0.45 110 0.309 111 0.533 112 0.296 113 0.455 114 0.377 115 0.263 116 0.556 117 0.339 118 0.485 119 0.326 120 0.542 121 0.379 122 0.504 123 0.431 124 0.525 125 0.646 126 0.467 127 0.59 128 0.583 129 0.508 130 0.326 131 0.428 132 0.649 133 0.441 134 0.606 135 0.555 136 0.384 137 0.369 138 0.332 139 0.472 140 0.392 141 0.412 142 0.373 143 0.484 144 0.393 145 0.481 146 0.36 147 0.453 148 0.524 149 0.624 150 0.471 151 0.721 152 0.544 153 0.525 154 0.544 155 0.47 156 0.423 157 0.583 158 0.34 159 0.391 160 0.42 161 0.683 162 0.463 163 0.452 164 0.479 165 0.375 166 0.412 167 0.482 168 0.431 169 0.603 170 0.63 171 0.616 172 0.286 173 0.492 174 0.508 175 0.277 176 0.406 177 0.596 178 0.407 179 0.511 180 0.507 181 0.266 182 0.329 183 0.544 184 0.496 185 0.523 186 0.506 187 0.484 188 0.432 189 0.476 190 0.418 191 0.482 192 0.497 193 0.335 194 0.326 195 0.48 196 0.503 197 0.509 198 0.419 199 0.494 200 0.396 201 0.229 202 0.38 203 0.324 204 0.416 205 0.53 206 0.53 207 0.401 208 0.396 209 0.35 210 0.402 211 0.485 212 0.429 213 0.468 214 0.579 215 0.53 216 0.518 217 0.64 218 0.41 219 0.581 220 0.321 221 0.404 222 0.465 223 0.306 224 0.605 225 0.441 226 0.27 227 0.356 228 0.387 229 0.692 230 0.462 231 0.514 232 0.427 233 0.718 234 0.682 235 0.442 236 0.508 237 0.608 238 0.448 239 0.749 240 0.606 241 0.395 242 0.437 243 0.419 244 0.43 245 0.328 246 0.265 247 0.329 248 0.588 249 0.621 250 0.654 251 0.371 252 0.319 253 0.488 254 0.506 255 0.5 256 0.376 257 0.604 258 0.237 259 0.451 260 0.477 261 0.364 262 0.351 263 0.429 264 0.431 265 0.625 266 0.562 267 0.638 268 0.495 269 0.57 270 0.521 271 0.338 272 0.362 273 0.628 274 0.496 275 0.417 276 0.394 277 0.475 278 0.456 279 0.481 280 0.421 281 0.553 282 0.474 283 0.478 284 0.407 285 0.173 286 0.597 287 0.501 288 0.405 289 0.337 290 0.652 291 0.179 292 0.568 293 0.599 294 0.397 295 0.317 296 0.343 297 0.488 298 0.42 299 0.332 300 0.579 301 0.622 302 0.429 303 0.359 304 0.553 305 0.481 306 0.613 307 0.793 308 0.519 309 0.42 310 0.43 311 0.474 312 0.466 313 0.418 314 0.474 315 0.571 316 0.269 317 0.452 318 0.361 319 0.275 320 0.612 321 0.654 322 0.773 323 0.481 324 0.53 325 0.454 326 0.406 327 0.385 328 0.604 329 0.447 330 0.642 331 0.508 332 0.45 333 0.541 334 0.538 335 0.237 336 0.373 337 0.448 338 0.446 339 0.435 340 0.426 341 0.316 342 0.435 343 0.383 344 0.509 345 0.602 346 0.577 347 0.434 348 0.435 349 0.361 350 0.362 351 0.445 352 0.624 353 0.277 354 0.379 355 0.56 356 0.473 357 0.546 358 0.452 359 0.421 360 0.372 361 0.626 362 0.485 363 0.385 364 0.255 365 0.576 366 0.528 367 0.499 368 0.639 369 0.619 370 0.291 371 0.425 372 0.348 373 0.234 374 0.395 375 0.527 376 0.418 377 0.302 378 0.418 379 0.472 380 0.552 381 0.178 382 0.303 383 0.467 384 0.377 385 0.271 386 0.525 387 0.45 388 0.381 389 0.485 390 0.485 391 0.427 392 0.294 393 0.565 394 0.425 395 0.435 396 0.496 397 0.475 398 0.297 399 0.258 400 0.297 401 0.517 402 0.72 403 0.703 404 0.333 405 0.641 406 0.262 407 0.327 408 0.307 409 0.496 410 0.475 411 0.557 412 0.669 413 0.47 414 0.469 415 0.346 416 0.396 417 0.651 418 0.355 419 0.468 420 0.228 421 0.531 422 0.545 423 0.53 424 0.729 425 0.662 426 0.459 427 0.344 428 0.521 429 0.529 430 0.461 431 0.429 432 0.505 433 0.283 434 0.453 435 0.532 436 0.496 437 0.603 438 0.573 439 0.385 440 0.419 441 0.344 442 0.402 443 0.598 444 0.375 445 0.577 446 0.512 447 0.367 448 0.573 449 0.475 450 0.277 451 0.274 452 0.37 453 0.582 454 0.537 455 0.382 456 0.241 457 0.415 458 0.601 459 0.632 460 0.31 461 0.467 462 0.464 463 0.388 464 0.344 465 0.348 466 0.526 467 0.321 468 0.441 469 0.265 470 0.563 471 0.372 472 0.321 473 0.574 474 0.57 475 0.553 476 0.331 477 0.416 478 0.544 479 0.494 480 0.366 481 0.327 482 0.446 483 0.596 484 0.53 485 0.406 486 0.385'}
        ],
        legend: "FALSE",
        hAxisLabel: 'day',
        xAxisDecimalFormat : {decimalSeparator: '.', decimalPrecision: 0, groupingSeparator: ',', groupingSize: 3},
        yAxisDecimalFormat : {decimalSeparator: '.', decimalPrecision: 2, groupingSeparator: ',', groupingSize: 3},
        width: 450, height: 300, 
        xAxisStep: 50, yAxisStep: 40, 
        onMouseWheelZoom: 1.1,
        DecimalFormat: {
          'x-data' : {decimalSeparator: '.', decimalPrecision: 0, groupingSeparator: ',', groupingSize: 3},
          'y-data' : {decimalSeparator: '.', decimalPrecision: 2, groupingSeparator: ',', groupingSize: 3}
        },
        helpText : {
           common : 'drag mouse over region of interest to zoom in plot',
           touch_common : 'Drag over the region to change the scope of the axes<br/>Pinch or spread to zoom in plot',
           touch_double_1 : '<br/>Double tap to reset plot',
           touch_double_2 : '<br/>Double tap to show plot data',
           touch_double_3 : 'Drag over the data (up and down or left and right) to scroll it<br/>Double tap to show plot',
         },
         localizeText:{
           reset : 'reset',
           data : 'data',
           chart : 'chart',
           clear : 'clear',
           zoomIn : 'zoom in',
           zoomOut : 'zoom out',
         }
      }
      var plot = Plot.create('#content_1',data);
  </script>
  </div>
</div>
</BODY> </HTML>
